MIN=0	-1	-3	0	0	-2
MAX=60	1	3	1	1	2
SCALE=60	0.5	1	0.5	0.5	1
DEC=2	3	3	0	0	2
DEF="Time" t / s	"Current" I_A1 / A	"Voltage" U_B1 / V	"Relay" R_1	"Voltage source" S_1	"Magnetic Flux" &F / Vs
0	0.0015	-0.003	0	1	-0.333487406
0.05	0.017	-0.003	1	1	-0.333499204
0.1	0.013	0.999	1	1	-0.308461002
0.15	0.0245	1.1895	1	1	-0.2536103
0.2	0.0355	1.4415	1	1	-0.187697097
0.25	0.0455	1.7235	1	1	-0.108433895
0.3	0.056	1.9575	1	1	-0.016270693
0.35	0.0685	2.1045	1	1	0.085417509
0.4	0.083	2.1285	1	1	0.191380711
0.45	0.101	1.9935	1	1	0.294568914
0.5	0.1205	1.7325	1	1	0.387857116
0.55	0.1425	1.383	1	1	0.465882818
0.6	0.1635	1.0575	1	1	0.52703352
0.65	0.178	0.129	1	1	0.556834222
0.7	0.1685	-0.1365	1	1	0.556784925
0.75	0.1545	-0.1635	1	1	0.549423127
0.8	0.139	-0.186	1	1	0.540823829
0.85	0.125	-0.213	1	1	0.530987031
0.9	0.1105	-0.2415	1	1	0.519762733
0.95	0.096	-0.2715	1	1	0.507075936
1	0.081	-0.312	1	1	0.492626638
1.05	0.067	-0.3585	1	1	0.47600234
1.1	0.052	-0.414	1	1	0.456828042
1.15	0.0385	-0.48	1	1	0.434616244
1.2	0.0245	-0.5595	1	1	0.408766947
1.25	0.0115	-0.66	1	1	0.378417649
1.3	-0.0015	-0.786	1	1	0.342405851
1.35	-0.0135	-0.948	1	1	0.299194053
1.4	-0.025	-1.158	1	1	0.246682256
1.45	-0.0355	-1.4175	1	1	0.182432958
1.5	-0.0455	-1.7025	1	1	0.10457116
1.55	-0.056	-1.947	1	1	0.013471862
1.6	-0.068	-2.1	1	1	-0.087564936
1.65	-0.0825	-2.127	1	1	-0.193101733
1.7	-0.1	-2.007	1	1	-0.296313531
1.75	-0.12	-1.7445	1	1	-0.389962829
1.8	-0.142	-1.3815	1	1	-0.467974627
1.851	-0.1645	-1.0245	1	1	-0.529186661
1.9	-0.1785	-0.1095	1	1	-0.556834222
1.95	-0.1685	0.1305	1	1	-0.55617102
2	-0.154	0.159	1	1	-0.548795318
2.05	-0.139	0.1815	1	1	-0.540144616
2.1	-0.1245	0.207	1	1	-0.530293914
2.15	-0.11	0.2355	1	1	-0.519093211
2.2	-0.0955	0.267	1	1	-0.506392509
2.25	-0.0805	0.306	1	1	-0.491929307
2.3	-0.0665	0.354	1	1	-0.475291105
2.35	-0.052	0.408	1	1	-0.456102903
2.4	-0.038	0.4755	1	1	-0.4338772
2.45	-0.0245	0.5565	1	1	-0.407938998
2.5	-0.011	0.66	1	1	-0.377388296
2.55	0.0015	0.7875	1	1	-0.341062594
2.6	0.014	0.951	1	1	-0.297461892
2.65	0.0255	1.161	1	1	-0.244523689
2.7	0.0355	1.419	1	1	-0.179885487
2.75	0.0455	1.701	1	1	-0.101747285
2.8	0.0565	1.9425	1	1	-0.010521583
2.85	0.069	2.091	1	1	0.090454119
2.9	0.083	2.112	1	1	0.195667322
2.951	0.101	1.974	1	1	0.300001288
3	0.121	1.7085	1	1	0.390357976
3.05	0.1425	1.359	1	1	0.467183678
3.1	0.164	1.0335	1	1	0.52713438
3.15	0.1785	0.12	1	1	0.556110083
3.2	0.169	-0.135	1	1	0.555873285
3.25	0.154	-0.165	1	1	0.548511487
3.3	0.1395	-0.1875	1	1	0.539837189
3.35	0.125	-0.213	1	1	0.529962891
3.4	0.1105	-0.243	1	1	0.518701094
3.45	0.0955	-0.273	1	1	0.505939296
3.5	0.081	-0.312	1	1	0.491452498
3.55	0.0665	-0.36	1	1	0.4747907
3.6	0.0525	-0.4125	1	1	0.455616402
3.651	0.038	-0.4815	1	1	0.432960369
3.7	0.0245	-0.5595	1	1	0.407591307
3.75	0.011	-0.6615	1	1	0.377204509
3.8	-0.0015	-0.786	1	1	0.341155211
3.85	-0.014	-0.9525	1	1	0.297830913
3.9	-0.025	-1.158	1	1	0.245206616
3.95	-0.0355	-1.4175	1	1	0.180957318
4	-0.0455	-1.704	1	1	0.10305802
4.05	-0.056	-1.947	1	1	0.011921222
4.1	-0.068	-2.0985	1	1	-0.089078076
4.15	-0.083	-2.1285	1	1	-0.194614873
4.2	-0.1	-2.004	1	1	-0.297789171
4.251	-0.1205	-1.7325	1	1	-0.392928955
4.301	-0.1425	-1.3695	1	1	-0.470340753
4.35	-0.164	-1.026	1	1	-0.528895064
4.401	-0.1785	-0.09	1	1	-0.557212098
4.451	-0.1685	0.132	1	1	-0.556023896
4.501	-0.1535	0.159	1	1	-0.548610694
4.551	-0.139	0.183	1	1	-0.539922492
4.601	-0.1245	0.207	1	1	-0.530034289
4.651	-0.1095	0.237	1	1	-0.518796087
4.701	-0.095	0.2685	1	1	-0.506020385
4.751	-0.0805	0.3075	1	1	-0.491482183
4.801	-0.066	0.3555	1	1	-0.474768981
4.851	-0.052	0.411	1	1	-0.455468278
4.901	-0.038	0.477	1	1	-0.433130076
4.951	-0.024	0.5595	1	1	-0.407079374
5	-0.011	0.66	1	1	-0.377066186
5.051	0.002	0.7905	1	1	-0.33993747
5.101	0.014	0.9585	1	1	-0.296074267
5.151	0.026	1.17	1	1	-0.242723565
5.201	0.036	1.425	1	1	-0.177710363
5.251	0.046	1.707	1	1	-0.099272161
5.301	0.0565	1.944	1	1	-0.007858959
5.351	0.069	2.091	1	1	0.093154244
5.401	0.0835	2.1105	1	1	0.198329946
5.451	0.1015	1.974	1	1	0.300580648
5.501	0.1215	1.6995	1	1	0.39255635
5.551	0.143	1.35	1	1	0.468932052
5.601	0.1645	1.026	1	1	0.528470255
5.651	0.1785	0.099	1	1	0.556733457
5.701	0.1685	-0.138	1	1	0.555896659
5.751	0.154	-0.165	1	1	0.548459861
5.801	0.1395	-0.1875	1	1	0.539785563
5.851	0.1245	-0.2115	1	1	0.529948766
5.901	0.11	-0.2415	1	1	0.518761968
5.951	0.0955	-0.2715	1	1	0.50607517
6.001	0.081	-0.312	1	1	0.491625872
6.05	0.067	-0.3585	1	1	0.47533406
6.101	0.052	-0.414	1	1	0.455776277
6.151	0.0385	-0.4815	1	1	0.433526979
6.201	0.0245	-0.561	1	1	0.407602681
6.251	0.011	-0.6645	1	1	0.377103383
6.301	-0.0015	-0.7905	1	1	0.340866585
6.351	-0.014	-0.9525	1	1	0.297429788
6.401	-0.0255	-1.164	1	1	0.24465549
6.451	-0.0355	-1.4235	1	1	0.180106192
6.501	-0.0455	-1.7085	1	1	0.101944394
6.551	-0.056	-1.9515	1	1	0.010582596
6.601	-0.0685	-2.1	1	1	-0.090566701
6.651	-0.083	-2.127	1	1	-0.196103499
6.701	-0.1005	-1.9995	1	1	-0.299127797
6.751	-0.1205	-1.7325	1	1	-0.392289595
6.801	-0.1425	-1.368	1	1	-0.469663892
6.851	-0.1645	-1.02	1	1	-0.52922569
6.901	-0.1785	-0.09	1	1	-0.556837488
6.951	-0.1675	0.1335	1	1	-0.555611786
7.001	-0.1535	0.159	1	1	-0.548161084
7.051	-0.139	0.183	1	1	-0.539472881
7.101	-0.1245	0.207	1	1	-0.529584679
7.151	-0.1095	0.2355	1	1	-0.518383977
7.201	-0.095	0.2685	1	1	-0.505645775
7.251	-0.0805	0.3075	1	1	-0.491107573
7.301	-0.066	0.354	1	1	-0.47443187
7.351	-0.0515	0.4125	1	1	-0.455131168
7.401	-0.0375	0.4785	1	1	-0.432717966
7.451	-0.024	0.5595	1	1	-0.406629764
7.501	-0.0105	0.666	1	1	-0.375854062
7.551	0.002	0.7935	1	1	-0.339228359
7.601	0.014	0.9555	1	1	-0.295365157
7.651	0.026	1.17	1	1	-0.242089455
7.701	0.036	1.4295	1	1	-0.176963753
7.751	0.046	1.7115	1	1	-0.098300551
7.801	0.0565	1.944	1	1	-0.006774848
7.851	0.069	2.094	1	1	0.094313354
7.901	0.084	2.112	1	1	0.199601556
7.951	0.1015	1.965	1	1	0.301664758
8.001	0.122	1.695	1	1	0.39330296
8.051	0.1435	1.341	1	1	0.469341163
8.101	0.165	1.0185	1	1	0.528466865
8.151	0.1785	0.081	1	1	0.556092567
8.201	0.1685	-0.1365	1	1	0.554843269
8.251	0.154	-0.165	1	1	0.547443971
8.301	0.139	-0.1875	1	1	0.538769674
8.351	0.1245	-0.213	1	1	0.528895376
8.401	0.11	-0.243	1	1	0.517633578
8.451	0.0955	-0.273	1	1	0.50487178
8.501	0.081	-0.3105	1	1	0.490422482
8.551	0.0665	-0.36	1	1	0.473798185
8.601	0.052	-0.414	1	1	0.454586387
8.651	0.038	-0.48	1	1	0.432374589
8.701	0.0245	-0.5625	1	1	0.406450291
8.751	0.011	-0.666	1	1	0.375875993
8.801	-0.0015	-0.789	1	1	0.339639196
8.851	-0.014	-0.951	1	1	0.296277398
8.901	-0.0255	-1.1625	1	1	0.2435781
8.951	-0.0355	-1.4235	1	1	0.179066302
9.001	-0.0455	-1.707	1	1	0.100942004
9.051	-0.056	-1.95	1	1	0.009655207
9.101	-0.0685	-2.0985	1	1	-0.091419091
9.151	-0.083	-2.1255	1	1	-0.196880889
9.201	-0.1005	-1.9995	1	1	-0.299867687
9.251	-0.1205	-1.731	1	1	-0.392991985
9.301	-0.1425	-1.365	1	1	-0.470253782
9.351	-0.1645	-1.017	1	1	-0.52966558
9.401	-0.1785	-0.0885	1	1	-0.557164878
9.451	-0.1685	0.132	1	1	-0.555939176
9.501	-0.1535	0.159	1	1	-0.548525974
9.551	-0.139	0.183	1	1	-0.539837771
9.601	-0.1245	0.207	1	1	-0.529949569
9.651	-0.1095	0.237	1	1	-0.518711367
9.701	-0.095	0.2685	1	1	-0.505935665
9.751	-0.0805	0.3075	1	1	-0.491397463
9.801	-0.066	0.3555	1	1	-0.47468426
9.851	-0.052	0.4095	1	1	-0.455421058
9.901	-0.038	0.477	1	1	-0.433120356
9.951	-0.024	0.5595	1	1	-0.407069654
10.001	-0.0105	0.6645	1	1	-0.376331451
10.051	0.002	0.792	1	1	-0.339780749
10.101	0.014	0.9555	1	1	-0.295955047
10.151	0.0255	1.164	1	1	-0.242829345
10.201	0.036	1.425	1	1	-0.177966143
10.251	0.046	1.707	1	1	-0.09952794
10.301	0.0565	1.9455	1	1	-0.008077238
10.351	0.069	2.091	1	1	0.092973464
10.401	0.0835	2.1105	1	1	0.198149166
10.451	0.101	1.9725	1	1	0.300362368
10.501	0.1215	1.698	1	1	0.392263071
10.551	0.144	1.3335	1	1	0.468188773
10.601	0.1645	1.0215	1	1	0.527201975
10.651	0.1785	0.096	1	1	0.555277677
10.701	0.1685	-0.1365	1	1	0.554403379
10.751	0.154	-0.1635	1	1	0.547041582
10.801	0.139	-0.1875	1	1	0.538404784
10.851	0.1245	-0.2115	1	1	0.528567986
10.901	0.11	-0.2415	1	1	0.517381188
10.951	0.0955	-0.2715	1	1	0.50469439
11.001	0.081	-0.312	1	1	0.490245093
11.051	0.0665	-0.36	1	1	0.473583295
11.101	0.0525	-0.4125	1	1	0.454408997
11.151	0.038	-0.4785	1	1	0.432272199
11.201	0.0245	-0.561	1	1	0.406422901
11.251	0.011	-0.6645	1	1	0.375923604
11.3	-0.0015	-0.7905	1	1	0.340411542
11.35	-0.014	-0.9525	1	1	0.296974744
11.4	-0.025	-1.161	1	1	0.244275446
11.45	-0.0355	-1.4235	1	1	0.179801148
11.5	-0.0455	-1.707	1	1	0.101676851
11.551	-0.056	-1.95	1	1	0.008564317
11.6	-0.0685	-2.0985	1	1	-0.090488495
11.65	-0.083	-2.1255	1	1	-0.195950293
11.7	-0.1005	-1.998	1	1	-0.298899591
11.75	-0.1205	-1.731	1	1	-0.391986388
11.8	-0.1425	-1.3635	1	1	-0.469210686
11.851	-0.1645	-1.0155	1	1	-0.52973422
11.9	-0.1785	-0.0855	1	1	-0.556573282
11.951	-0.168	0.1335	1	1	-0.555208316
12	-0.1535	0.1605	1	1	-0.547869877
12.05	-0.139	0.1845	1	1	-0.539106675
12.1	-0.1245	0.2085	1	1	-0.529143473
12.15	-0.1095	0.2385	1	1	-0.517830271
12.2	-0.095	0.2685	1	1	-0.505017069
12.251	-0.0805	0.3075	1	1	-0.490188102
12.3	-0.066	0.3555	1	1	-0.473809164
12.35	-0.052	0.411	1	1	-0.454508462
12.4	-0.038	0.477	1	1	-0.43217026
12.45	-0.024	0.5595	1	1	-0.406119558
12.5	-0.0105	0.6645	1	1	-0.375381355
12.55	0.002	0.792	1	1	-0.338830653
12.6	0.014	0.957	1	1	-0.294967451
12.65	0.0255	1.167	1	1	-0.241729249
12.7	0.036	1.4265	1	1	-0.176753547
12.75	0.046	1.707	1	1	-0.098277844
12.8	0.0565	1.9455	1	1	-0.006827142
12.85	0.069	2.091	1	1	0.09422356
12.9	0.0835	2.112	1	1	0.199436762
12.95	0.1015	1.974	1	1	0.301724964
13	0.1215	1.6995	1	1	0.393700667
13.05	0.1435	1.347	1	1	0.470001369
13.1	0.165	1.0155	1	1	0.529202071
13.15	0.1785	0.063	1	1	0.556302773
13.2	0.1685	-0.1365	1	1	0.554603475
13.25	0.154	-0.1635	1	1	0.547241678
13.3	0.139	-0.1875	1	1	0.53860488
13.35	0.1245	-0.2115	1	1	0.528768082
13.4	0.11	-0.24	1	1	0.517618784
13.45	0.0955	-0.2715	1	1	0.504969486
13.5	0.081	-0.3105	1	1	0.490557689
13.55	0.0665	-0.3585	1	1	0.473970891
13.6	0.052	-0.4125	1	1	0.454834093
13.65	0.038	-0.4785	1	1	0.432697295
13.7	0.0245	-0.5595	1	1	0.406885498
13.75	0.011	-0.6615	1	1	0.3764987
13.8	-0.0015	-0.789	1	1	0.340374402
13.85	-0.014	-0.951	1	1	0.297012604
13.9	-0.0255	-1.161	1	1	0.244350806
13.95	-0.0355	-1.422	1	1	0.179914009
14.001	-0.0455	-1.713	1	1	0.100112475
14.05	-0.056	-1.95	1	1	0.010504413
14.1	-0.0685	-2.0985	1	1	-0.090569885
14.15	-0.083	-2.1255	1	1	-0.196031683
14.2	-0.1005	-1.998	1	1	-0.29898098
14.25	-0.1205	-1.7295	1	1	-0.392030278
14.3	-0.1425	-1.362	1	1	-0.469179576
14.35	-0.1645	-1.014	1	1	-0.528441374
14.4	-0.1785	-0.0855	1	1	-0.555790672
14.45	-0.1685	0.1335	1	1	-0.554452469
14.5	-0.1535	0.162	1	1	-0.546926767
14.551	-0.1385	0.183	1	1	-0.537988301
14.6	-0.1245	0.21	1	1	-0.528224363
14.65	-0.1095	0.2385	1	1	-0.516873661
14.7	-0.095	0.27	1	1	-0.504022958
14.75	-0.0805	0.309	1	1	-0.489409756
14.8	-0.066	0.357	1	1	-0.472621554
14.85	-0.052	0.4125	1	1	-0.453245852
14.9	-0.038	0.4785	1	1	-0.43083265
14.95	-0.0235	0.5625	1	1	-0.404669447
15	-0.0105	0.6645	1	1	-0.373856245
15.05	0.002	0.7935	1	1	-0.337268043
15.1	0.0145	0.9585	1	1	-0.293329841
15.15	0.0255	1.17	1	1	-0.239979139
15.2	0.036	1.4265	1	1	-0.174928436
15.25	0.046	1.7085	1	1	-0.096415234
15.3	0.057	1.9485	1	1	-0.004852032
15.35	0.069	2.0925	1	1	0.09631117
15.4	0.0835	2.1135	1	1	0.201599372
15.45	0.1015	1.977	1	1	0.304000075
15.5	0.1215	1.701	1	1	0.396088277
15.55	0.1435	1.347	1	1	0.472426479
15.6	0.165	1.0215	1	1	0.531777181
15.65	0.1785	0.096	1	1	0.559852883
15.7	0.1685	-0.135	1	1	0.559016086
15.75	0.154	-0.1635	1	1	0.551691788
15.8	0.139	-0.186	1	1	0.54309249
15.85	0.1245	-0.21	1	1	0.533330692
15.9	0.11	-0.2415	1	1	0.522181394
15.95	0.0955	-0.2715	1	1	0.509494597
16	0.081	-0.3105	1	1	0.495082799
16.05	0.0665	-0.3585	1	1	0.478496001
16.1	0.052	-0.4125	1	1	0.459359203
16.15	0.038	-0.477	1	1	0.437259905
16.2	0.0245	-0.558	1	1	0.411523108
16.25	0.011	-0.6615	1	1	0.38117381
16.3	-0.0015	-0.7875	1	1	0.345087012
16.35	-0.014	-0.951	1	1	0.301762714
16.4	-0.0255	-1.161	1	1	0.249100916
16.45	-0.0355	-1.422	1	1	0.184664119
16.5	-0.0455	-1.707	1	1	0.106577321
16.55	-0.056	-1.9485	1	1	0.015328023
16.6	-0.0685	-2.097	1	1	-0.085671275
16.65	-0.083	-2.124	1	1	-0.191058072
16.7	-0.1005	-1.998	1	1	-0.29396987
16.75	-0.1205	-1.7265	1	1	-0.386944168
16.8	-0.1425	-1.362	1	1	-0.464018466
16.85	-0.1645	-1.0125	1	1	-0.523242764
16.9	-0.1785	-0.0705	1	1	-0.550179561
16.95	-0.168	0.135	1	1	-0.548428859
17	-0.1535	0.162	1	1	-0.540865657
17.05	-0.139	0.1845	1	1	-0.532064955
17.1	-0.1245	0.21	1	1	-0.522064253
17.15	-0.1095	0.2385	1	1	-0.51071355
17.2	-0.095	0.27	1	1	-0.497862848
17.25	-0.0805	0.3105	1	1	-0.483212146
17.3	-0.066	0.357	1	1	-0.466386444
17.35	-0.052	0.4125	1	1	-0.447010742
17.4	-0.0375	0.4785	1	1	-0.424597539
17.451	-0.0235	0.5625	1	1	-0.397911073
17.5	-0.0105	0.6645	1	1	-0.367714135
17.551	0.0025	0.7935	1	1	-0.330394169
17.601	0.0145	0.9585	1	1	-0.286455967
17.651	0.0255	1.17	1	1	-0.233105264
17.701	0.036	1.431	1	1	-0.167942062
17.751	0.046	1.7115	1	1	-0.08924136
17.801	0.057	1.9545	1	1	0.002546842
17.851	0.069	2.094	1	1	0.103897544
17.901	0.084	2.1105	1	1	0.209148247
17.951	0.1015	1.971	1	1	0.311323949
18.001	0.122	1.695	1	1	0.403112151
18.051	0.144	1.3395	1	1	0.479112853
18.101	0.165	1.0125	1	1	0.538051055
18.151	0.1785	0.078	1	1	0.565451758
18.201	0.1685	-0.1365	1	1	0.56412746
18.251	0.1535	-0.165	1	1	0.556728162
18.301	0.139	-0.1875	1	1	0.548053864
18.351	0.1245	-0.2115	1	1	0.538217066
18.401	0.1095	-0.243	1	1	0.526992769
18.451	0.095	-0.273	1	1	0.514230971
18.501	0.0805	-0.3135	1	1	0.499706673
18.551	0.066	-0.36	1	1	0.483007375
18.601	0.052	-0.414	1	1	0.463795577
18.651	0.0375	-0.4845	1	1	0.44147128
18.7	0.0245	-0.558	1	1	0.416065468
18.751	0.0105	-0.666	1	1	0.384994434
18.801	-0.002	-0.792	1	1	0.348682636
18.851	-0.014	-0.954	1	1	0.305170838
18.901	-0.0255	-1.167	1	1	0.252284041
18.951	-0.036	-1.4295	1	1	0.187509743
19.001	-0.046	-1.713	1	1	0.109085445
19.051	-0.0565	-1.9545	1	1	0.017536147
19.101	-0.0685	-2.1	1	1	-0.08368815
19.151	-0.0835	-2.124	1	1	-0.189149948
19.201	-0.101	-1.995	1	1	-0.291986746
19.251	-0.121	-1.725	1	1	-0.384848544
19.301	-0.143	-1.3575	1	1	-0.461772842
19.351	-0.165	-1.0095	1	1	-0.520809639
19.401	-0.1785	-0.069	1	1	-0.547633937
19.451	-0.168	0.1335	1	1	-0.545883235
19.501	-0.153	0.159	1	1	-0.538432533
19.551	-0.1385	0.183	1	1	-0.529744331
19.601	-0.124	0.21	1	1	-0.519781128
19.651	-0.1095	0.237	1	1	-0.508467926
19.701	-0.0945	0.2685	1	1	-0.495692224
19.751	-0.08	0.3105	1	1	-0.481079022
19.801	-0.0655	0.357	1	1	-0.46425332
19.851	-0.0515	0.4125	1	1	-0.444877617
19.901	-0.0375	0.48	1	1	-0.422426915
19.951	-0.0235	0.564	1	1	-0.396188713
20.001	-0.0105	0.6645	1	1	-0.365338011
20.051	0.002	0.7935	1	1	-0.328749809
20.101	0.0145	0.96	1	1	-0.284774106
20.151	0.026	1.17	1	1	-0.231385904
20.201	0.036	1.431	1	1	-0.166222702
20.251	0.046	1.7115	1	1	-0.087522
20.301	0.057	1.9485	1	1	0.004116202
20.351	0.069	2.0925	1	1	0.105279405
20.401	0.084	2.1105	1	1	0.210492607
20.451	0.1015	1.9695	1	1	0.312630809
20.5	0.1215	1.701	1	1	0.402693497
20.551	0.144	1.3395	1	1	0.480367213
20.601	0.1655	1.014	1	1	0.539342916
20.651	0.1785	0.0765	1	1	0.566743618
20.701	0.1685	-0.138	1	1	0.56534432
20.751	0.1535	-0.165	1	1	0.557907522
20.801	0.139	-0.1875	1	1	0.549233224
20.851	0.1245	-0.2115	1	1	0.539396427
20.901	0.1095	-0.2445	1	1	0.528134629
20.951	0.095	-0.273	1	1	0.515335331
21.001	0.0805	-0.312	1	1	0.500848533
21.051	0.066	-0.3615	1	1	0.484149235
21.101	0.052	-0.417	1	1	0.464824938
21.151	0.038	-0.483	1	1	0.44246314
21.201	0.024	-0.5655	1	1	0.416388842
21.251	0.0105	-0.669	1	1	0.385664544
21.301	-0.002	-0.792	1	1	0.349277746
21.351	-0.014	-0.9555	1	1	0.305728449
21.401	-0.0255	-1.167	1	1	0.252804151
21.451	-0.036	-1.4295	1	1	0.188029853
21.501	-0.046	-1.713	1	1	0.109605555
21.551	-0.0565	-1.956	1	1	0.018018757
21.601	-0.0685	-2.1015	1	1	-0.08328054
21.651	-0.0835	-2.1255	1	1	-0.188817338
21.701	-0.101	-1.995	1	1	-0.291691636
21.751	-0.121	-1.725	1	1	-0.384553434
21.801	-0.143	-1.3575	1	1	-0.461477732
21.851	-0.165	-1.008	1	1	-0.520477029
21.901	-0.1785	-0.069	1	1	-0.547263827
21.951	-0.168	0.132	1	1	-0.545550625
22.001	-0.1535	0.159	1	1	-0.538137423
22.051	-0.1385	0.1815	1	1	-0.529486721
22.101	-0.124	0.2085	1	1	-0.519598518
22.151	-0.109	0.2355	1	1	-0.508360316
22.201	-0.0945	0.267	1	1	-0.495659614
22.251	-0.08	0.309	1	1	-0.481121412
22.301	-0.066	0.3555	1	1	-0.464370709
22.351	-0.0515	0.4125	1	1	-0.445032507
22.401	-0.0375	0.4785	1	1	-0.422619305
22.451	-0.0235	0.5625	1	1	-0.396456103
22.501	-0.0105	0.6645	1	1	-0.365642901
22.551	0.002	0.795	1	1	-0.329017198
22.601	0.0145	0.9585	1	1	-0.285041496
22.651	0.026	1.17	1	1	-0.231690794
22.701	0.036	1.4295	1	1	-0.166565092
22.751	0.046	1.7115	1	1	-0.08790189
22.801	0.057	1.9485	1	1	0.003736313
22.851	0.069	2.0925	1	1	0.104899515
22.901	0.084	2.1105	1	1	0.210112717
22.951	0.1015	1.9695	1	1	0.312250919
23.001	0.122	1.6935	1	1	0.403964121
23.051	0.144	1.338	1	1	0.479889824
23.101	0.165	1.0125	1	1	0.538790526
23.151	0.1785	0.075	1	1	0.566116228
23.201	0.1685	-0.138	1	1	0.56467943
23.251	0.1535	-0.165	1	1	0.557242632
23.3	0.139	-0.1875	1	1	0.548741821
23.351	0.1245	-0.213	1	1	0.538670037
23.401	0.1095	-0.2415	1	1	0.527445739
23.451	0.095	-0.273	1	1	0.514721441
23.501	0.0805	-0.3135	1	1	0.500197143
23.551	0.066	-0.36	1	1	0.483497846
23.601	0.052	-0.4155	1	1	0.464248548
23.651	0.0375	-0.483	1	1	0.44192425
23.701	0.024	-0.564	1	1	0.415887452
23.751	0.0105	-0.6675	1	1	0.385238154
23.801	-0.002	-0.7935	1	1	0.348851357
23.851	-0.014	-0.9555	1	1	0.305264559
23.901	-0.0255	-1.167	1	1	0.252340261
23.951	-0.036	-1.4295	1	1	0.187565963
24.001	-0.046	-1.713	1	1	0.109141665
24.051	-0.0565	-1.9545	1	1	0.017592368
24.101	-0.0685	-2.1015	1	1	-0.08366943
24.151	-0.0835	-2.1255	1	1	-0.189206228
24.201	-0.101	-1.992	1	1	-0.292005526
24.251	-0.1215	-1.719	1	1	-0.384642324
24.301	-0.143	-1.356	1	1	-0.461379121
24.35	-0.165	-1.008	1	1	-0.519161683
24.4	-0.1785	-0.0675	1	1	-0.545910981
24.451	-0.168	0.132	1	1	-0.544125265
24.501	-0.1535	0.1605	1	1	-0.536674563
24.55	-0.1385	0.183	1	1	-0.528123374
24.6	-0.124	0.2085	1	1	-0.518197672
24.65	-0.109	0.237	1	1	-0.50692197
24.7	-0.0945	0.2685	1	1	-0.494146268
24.75	-0.08	0.309	1	1	-0.479570566
24.8	-0.0655	0.3555	1	1	-0.462819863
24.85	-0.0515	0.411	1	1	-0.443519161
24.901	-0.037	0.48	1	1	-0.420657695
24.95	-0.0235	0.564	1	1	-0.394944257
25	-0.0105	0.666	1	1	-0.364056055
25.051	0.0025	0.7965	1	1	-0.326621338
25.101	0.0145	0.963	1	1	-0.282495636
25.15	0.026	1.1715	1	1	-0.230064948
25.2	0.036	1.431	1	1	-0.164864246
25.25	0.0465	1.7175	1	1	-0.086013544
25.3	0.057	1.95	1	1	0.005812159
25.35	0.0695	2.097	1	1	0.107125361
25.4	0.0845	2.112	1	1	0.212488563
25.45	0.102	1.9695	1	1	0.314664265
25.5	0.122	1.6935	1	1	0.406377467
25.55	0.1445	1.3305	1	1	0.48211567
25.6	0.1655	1.0065	1	1	0.540678872
25.651	0.1785	0.06	1	1	0.568015588
25.701	0.168	-0.138	1	1	0.56620379
25.75	0.1535	-0.165	1	1	0.558915728
25.801	0.1385	-0.1875	1	1	0.550067945
25.85	0.124	-0.213	1	1	0.540391133
25.901	0.1095	-0.243	1	1	0.528904099
25.95	0.095	-0.2745	1	1	0.516360787
26	0.08	-0.315	1	1	0.50176149
26.05	0.066	-0.3615	1	1	0.484987192
26.1	0.052	-0.414	1	1	0.465737894
26.15	0.038	-0.4815	1	1	0.443488596
26.2	0.024	-0.564	1	1	0.417489298
26.25	0.0105	-0.666	1	1	0.386877501
26.3	-0.002	-0.792	1	1	0.350565703
26.35	-0.014	-0.9555	1	1	0.307016405
26.4	-0.0255	-1.167	1	1	0.254092107
26.45	-0.036	-1.428	1	1	0.189355309
26.5	-0.0455	-1.713	1	1	0.110968512
26.55	-0.0565	-1.9545	1	1	0.019419214
26.6	-0.069	-2.1015	1	1	-0.081842584
26.65	-0.0835	-2.1255	1	1	-0.187379382
26.7	-0.101	-1.995	1	1	-0.29025368
26.75	-0.121	-1.725	1	1	-0.383115477
26.8	-0.143	-1.3545	1	1	-0.459964775
26.85	-0.165	-1.0065	1	1	-0.518851573
26.9	-0.1785	-0.066	1	1	-0.545525871
26.95	-0.168	0.1335	1	1	-0.543700169
27	-0.153	0.1605	1	1	-0.536211966
27.051	-0.138	0.183	1	1	-0.52731175
27.101	-0.1235	0.2115	1	1	-0.517311048
27.15	-0.109	0.237	1	1	-0.50618736
27.2	-0.0945	0.27	1	1	-0.493374158
27.25	-0.08	0.309	1	1	-0.478760955
27.3	-0.0655	0.357	1	1	-0.461972753
27.35	-0.0515	0.411	1	1	-0.442634551
27.4	-0.0375	0.4785	1	1	-0.420258849
27.45	-0.0235	0.5625	1	1	-0.394095647
27.502	-0.01	0.669	1	1	-0.361932916
27.55	0.002	0.795	1	1	-0.326664242
27.6	0.0145	0.9585	1	1	-0.28268854
27.65	0.0255	1.1715	1	1	-0.229300338
27.7	0.036	1.431	1	1	-0.164099636
27.75	0.0465	1.713	1	1	-0.085361433
27.8	0.057	1.9515	1	1	0.006389269
27.85	0.069	2.094	1	1	0.107664971
27.9	0.084	2.1105	1	1	0.212915673
27.95	0.1015	1.9695	1	1	0.315053875
28	0.122	1.692	1	1	0.406729578
28.05	0.144	1.3365	1	1	0.48258028
28.1	0.1655	1.011	1	1	0.541405982
28.15	0.1785	0.0735	1	1	0.568656684
28.2	0.1685	-0.138	1	1	0.567182386
28.25	0.1535	-0.165	1	1	0.559745589
28.3	0.139	-0.189	1	1	0.551033791
28.35	0.1245	-0.2145	1	1	0.541084493
28.4	0.1095	-0.2415	1	1	0.529822695
28.45	0.095	-0.273	1	1	0.517098397
28.5	0.0805	-0.3135	1	1	0.5025741
28.55	0.066	-0.36	1	1	0.485874802
28.6	0.052	-0.414	1	1	0.466663004
28.65	0.038	-0.4815	1	1	0.444413706
28.7	0.024	-0.5625	1	1	0.418451908
28.75	0.0105	-0.666	1	1	0.387877611
28.8	-0.002	-0.792	1	1	0.351565813
28.85	-0.014	-0.9555	1	1	0.308016515
28.9	-0.0255	-1.167	1	1	0.255092217
28.95	-0.036	-1.4295	1	1	0.19031792
29	-0.046	-1.713	1	1	0.111893622
29.05	-0.0565	-1.959	1	1	0.020231824
29.1	-0.069	-2.1015	1	1	-0.081142474
29.15	-0.0835	-2.1255	1	1	-0.186679272
29.2	-0.101	-1.9935	1	1	-0.289516069
29.25	-0.121	-1.725	1	1	-0.382340367
29.3	-0.143	-1.3545	1	1	-0.459189665
29.35	-0.165	-1.0065	1	1	-0.518076463
29.4	-0.1785	-0.066	1	1	-0.544750761
29.45	-0.168	0.1335	1	1	-0.542925058
29.5	-0.153	0.1605	1	1	-0.535436856
29.55	-0.1385	0.183	1	1	-0.526711154
29.6	-0.124	0.21	1	1	-0.516747952
29.65	-0.109	0.237	1	1	-0.50543475
29.7	-0.0945	0.2685	1	1	-0.492659047
29.75	-0.08	0.309	1	1	-0.478083345
29.8	-0.0655	0.357	1	1	-0.461295143
29.85	-0.051	0.414	1	1	-0.441881941
29.9	-0.0375	0.4785	1	1	-0.419431239
29.95	-0.0235	0.5625	1	1	-0.393268036
30	-0.0105	0.666	1	1	-0.362417334
30.05	0.002	0.795	1	1	-0.325754132
30.1	0.0145	0.96	1	1	-0.28174093
30.15	0.026	1.1715	1	1	-0.228315228
30.2	0.036	1.431	1	1	-0.163114525
30.25	0.046	1.7115	1	1	-0.084413823
30.3	0.057	1.95	1	1	0.007261879
30.35	0.069	2.094	1	1	0.108500081
30.4	0.084	2.1105	1	1	0.213750783
30.45	0.1015	1.971	1	1	0.315926486
30.5	0.122	1.6935	1	1	0.407677188
30.55	0.144	1.3365	1	1	0.48356539
30.6	0.1655	1.0095	1	1	0.542353592
30.65	0.1785	0.0735	1	1	0.569566794
30.7	0.168	-0.138	1	1	0.568092497
30.751	0.1535	-0.165	1	1	0.560506963
30.801	0.1385	-0.1875	1	1	0.551832665
30.851	0.124	-0.213	1	1	0.541958367
30.901	0.109	-0.2415	1	1	0.530734069
30.951	0.095	-0.273	1	1	0.518009772
31.001	0.08	-0.3135	1	1	0.503485474
31.051	0.066	-0.3615	1	1	0.486748676
31.101	0.0515	-0.4185	1	1	0.467386878
31.151	0.0375	-0.4845	1	1	0.44495008
31.201	0.024	-0.5655	1	1	0.418838283
31.251	0.0105	-0.669	1	1	0.388113985
31.301	-0.002	-0.795	1	1	0.351652187
31.351	-0.0145	-0.96	1	1	0.307915389
31.401	-0.026	-1.173	1	1	0.254728592
31.451	-0.036	-1.4355	1	1	0.189654294
31.501	-0.046	-1.719	1	1	0.110929996
31.551	-0.0565	-1.959	1	1	0.019118198
31.601	-0.069	-2.1045	1	1	-0.0823311
31.651	-0.084	-2.1255	1	1	-0.187942897
31.701	-0.1015	-1.992	1	1	-0.290742195
31.751	-0.1215	-1.719	1	1	-0.383378993
31.801	-0.1435	-1.347	1	1	-0.459890791
31.851	-0.1655	-0.999	1	1	-0.518402589
31.901	-0.1785	-0.0495	1	1	-0.544476886
31.951	-0.1675	0.1335	1	1	-0.542238684
32.001	-0.153	0.1605	1	1	-0.534750482
32.051	-0.1385	0.1845	1	1	-0.52598728
32.101	-0.1235	0.21	1	1	-0.515986578
32.151	-0.109	0.237	1	1	-0.504673375
32.201	-0.094	0.27	1	1	-0.491860173
32.251	-0.0795	0.3105	1	1	-0.477209471
32.301	-0.0655	0.3585	1	1	-0.460346269
32.351	-0.051	0.414	1	1	-0.440895567
32.401	-0.037	0.4815	1	1	-0.418369864
32.451	-0.0235	0.564	1	1	-0.392094162
32.501	-0.01	0.669	1	1	-0.36113096
32.551	0.0025	0.7965	1	1	-0.324355258
32.601	0.0145	0.9615	1	1	-0.280267056
32.651	0.026	1.179	1	1	-0.226616353
32.701	0.0365	1.4355	1	1	-0.161115651
32.751	0.0465	1.716	1	1	-0.082189949
32.801	0.057	1.953	1	1	0.009673253
32.851	0.0695	2.0955	1	1	0.111023955
32.901	0.084	2.1105	1	1	0.216312158
32.951	0.102	1.9665	1	1	0.31837536
33.001	0.1225	1.6875	1	1	0.409863562
33.051	0.1445	1.329	1	1	0.485414264
33.101	0.1655	1.0035	1	1	0.543864966
33.151	0.1785	0.0555	1	1	0.570478169
33.201	0.168	-0.138	1	1	0.568553871
33.251	0.1535	-0.1665	1	1	0.561079573
33.301	0.1385	-0.189	1	1	0.552330275
33.351	0.124	-0.216	1	1	0.542343477
33.401	0.109	-0.243	1	1	0.53100668
33.451	0.0945	-0.2745	1	1	0.518207382
33.501	0.08	-0.315	1	1	0.503608084
33.551	0.066	-0.363	1	1	0.486796286
33.601	0.0515	-0.417	1	1	0.467434488
33.651	0.0375	-0.4845	1	1	0.445035191
33.701	0.024	-0.5655	1	1	0.418923393
33.751	0.0105	-0.669	1	1	0.388199095
33.801	-0.002	-0.795	1	1	0.351737297
33.851	-0.0145	-0.96	1	1	0.308000499
33.901	-0.026	-1.1715	1	1	0.254851202
33.951	-0.036	-1.4355	1	1	0.189814404
34.001	-0.046	-1.719	1	1	0.111090106
34.051	-0.0565	-1.959	1	1	0.019278308
34.1	-0.069	-2.1015	1	1	-0.080068504
34.151	-0.084	-2.1255	1	1	-0.187716037
34.201	-0.1015	-1.992	1	1	-0.290515335
34.251	-0.1215	-1.719	1	1	-0.383152133
34.3	-0.143	-1.353	1	1	-0.458280695
34.351	-0.1655	-0.999	1	1	-0.518115728
34.4	-0.1785	-0.066	1	1	-0.54407279
34.451	-0.1675	0.132	1	1	-0.542248824
34.501	-0.1525	0.1605	1	1	-0.534798122
34.551	-0.138	0.183	1	1	-0.52607242
34.601	-0.1235	0.21	1	1	-0.516109217
34.651	-0.109	0.237	1	1	-0.504796015
34.701	-0.094	0.27	1	1	-0.491982813
34.751	-0.0795	0.309	1	1	-0.477369611
34.801	-0.0655	0.357	1	1	-0.460581409
34.851	-0.051	0.4125	1	1	-0.441205706
34.901	-0.037	0.48	1	1	-0.418755004
34.951	-0.0235	0.564	1	1	-0.392516802
35.001	-0.01	0.6675	1	1	-0.3615911
35.051	0.0025	0.7965	1	1	-0.324852898
35.101	0.0145	0.963	1	1	-0.280727195
35.151	0.026	1.1745	1	1	-0.227151493
35.201	0.0365	1.4355	1	1	-0.161763291
35.251	0.0465	1.7175	1	1	-0.082800089
35.301	0.057	1.9545	1	1	0.009138113
35.351	0.0695	2.094	1	1	0.110488816
35.401	0.0845	2.109	1	1	0.215702018
35.45	0.102	1.971	1	1	0.315797456
35.501	0.1225	1.6875	1	1	0.409230172
35.551	0.1445	1.329	1	1	0.484780874
35.601	0.166	0.996	1	1	0.543044077
35.651	0.1785	0.0555	1	1	0.569469779
35.701	0.168	-0.1395	1	1	0.567507981
35.751	0.1535	-0.165	1	1	0.560033683
35.801	0.1385	-0.189	1	1	0.551321885
35.851	0.124	-0.2145	1	1	0.541372588
35.901	0.1095	-0.243	1	1	0.53007329
35.951	0.095	-0.273	1	1	0.517311492
36.001	0.08	-0.315	1	1	0.502749694
36.051	0.066	-0.363	1	1	0.485937896
36.101	0.0515	-0.4185	1	1	0.466538599
36.151	0.0375	-0.4845	1	1	0.444101801
36.201	0.0235	-0.567	1	1	0.417952503
36.251	0.0105	-0.669	1	1	0.387190705
36.301	-0.002	-0.7965	1	1	0.350691407
36.351	-0.0145	-0.96	1	1	0.30691711
36.401	-0.026	-1.173	1	1	0.253730312
36.451	-0.036	-1.4355	1	1	0.188656014
36.501	-0.046	-1.719	1	1	0.109931716
36.551	-0.0565	-1.9605	1	1	0.018082418
36.601	-0.069	-2.1045	1	1	-0.083404379
36.651	-0.0835	-2.1255	1	1	-0.189016177
36.701	-0.1015	-1.9935	1	1	-0.291852975
36.751	-0.1215	-1.7205	1	1	-0.384564773
36.801	-0.144	-1.347	1	1	-0.461114071
36.851	-0.1655	-0.999	1	1	-0.519625868
36.901	-0.1785	-0.0495	1	1	-0.545700166
36.951	-0.1675	0.1335	1	1	-0.543461964
37.001	-0.153	0.1605	1	1	-0.535973762
37.051	-0.138	0.183	1	1	-0.52724806
37.101	-0.1235	0.21	1	1	-0.517284857
37.151	-0.109	0.237	1	1	-0.505971655
37.201	-0.0945	0.2685	1	1	-0.493195953
37.251	-0.0795	0.309	1	1	-0.478620251
37.3	-0.0655	0.357	1	1	-0.462167813
37.351	-0.051	0.4125	1	1	-0.442404596
37.401	-0.037	0.48	1	1	-0.419953894
37.451	-0.0235	0.564	1	1	-0.393715692
37.501	-0.01	0.6675	1	1	-0.36278999
37.55	0.0025	0.7965	1	1	-0.326786552
37.601	0.0145	0.963	1	1	-0.281778335
37.65	0.0265	1.185	1	1	-0.229016897
37.7	0.0365	1.4355	1	1	-0.163366195
37.751	0.0465	1.716	1	1	-0.082861979
37.801	0.057	1.953	1	1	0.009001224
37.851	0.0695	2.0955	1	1	0.110351926
37.9	0.0845	2.109	1	1	0.213497614
37.95	0.102	1.965	1	1	0.315485816
38	0.1225	1.686	1	1	0.406899018
38.05	0.1445	1.3275	1	1	0.482374721
38.101	0.166	1.002	1	1	0.541917937
38.151	0.1785	0.039	1	1	0.568081139
38.2	0.168	-0.1395	1	1	0.565754327
38.251	0.1535	-0.1665	1	1	0.558092293
38.3	0.1385	-0.189	1	1	0.549517982
38.351	0.124	-0.2145	1	1	0.539369698
38.4	0.109	-0.243	1	1	0.528296386
38.451	0.0945	-0.273	1	1	0.515279352
38.501	0.0805	-0.3135	1	1	0.500755054
38.55	0.066	-0.3615	1	1	0.484352993
38.6	0.0515	-0.4185	1	1	0.464991195
38.65	0.0375	-0.4845	1	1	0.442554397
38.701	0.0235	-0.5655	1	1	0.415920363
38.75	0.0105	-0.6705	1	1	0.385773801
38.8	-0.002	-0.7965	1	1	0.349237004
38.85	-0.0145	-0.9615	1	1	0.305425206
38.9	-0.0255	-1.173	1	1	0.252200908
38.95	-0.0365	-1.4415	1	1	0.18697661
39	-0.046	-1.7205	1	1	0.108064812
39.05	-0.0565	-1.959	1	1	0.016215515
39.1	-0.069	-2.1045	1	1	-0.085233783
39.15	-0.084	-2.1255	1	1	-0.190845581
39.2	-0.1015	-1.992	1	1	-0.293644879
39.25	-0.1215	-1.719	1	1	-0.386281677
39.3	-0.1435	-1.347	1	1	-0.462793474
39.35	-0.1655	-0.999	1	1	-0.521305272
39.4	-0.1785	-0.048	1	1	-0.54734207
39.45	-0.1675	0.1335	1	1	-0.545066368
39.5	-0.153	0.1605	1	1	-0.537578166
39.55	-0.138	0.183	1	1	-0.528852463
39.6	-0.1235	0.21	1	1	-0.518889261
39.65	-0.109	0.237	1	1	-0.507576059
39.7	-0.0945	0.2685	1	1	-0.494800357
39.75	-0.0795	0.309	1	1	-0.480224655
39.8	-0.0655	0.357	1	1	-0.463436452
39.85	-0.051	0.4125	1	1	-0.44406075
39.9	-0.037	0.48	1	1	-0.421610048
39.95	-0.0235	0.564	1	1	-0.395371846
40	-0.01	0.6675	1	1	-0.364446144
40.05	0.0025	0.7965	1	1	-0.327707941
40.1	0.0145	0.963	1	1	-0.283582239
40.15	0.026	1.176	1	1	-0.229969037
40.2	0.0365	1.4355	1	1	-0.164543335
40.25	0.0465	1.7175	1	1	-0.085580133
40.3	0.057	1.9545	1	1	0.00635807
40.35	0.0695	2.094	1	1	0.107708772
40.4	0.0845	2.109	1	1	0.212921974
40.45	0.102	1.965	1	1	0.314910176
40.5	0.1225	1.6875	1	1	0.406360878
40.55	0.1445	1.3275	1	1	0.481874081
40.6	0.166	1.002	1	1	0.540249783
40.65	0.1785	0.054	1	1	0.566787985
40.7	0.168	-0.1395	1	1	0.564788687
40.75	0.1535	-0.1665	1	1	0.557276889
40.8	0.1385	-0.189	1	1	0.548527592
40.85	0.124	-0.2145	1	1	0.538578294
40.9	0.1095	-0.243	1	1	0.527278996
40.95	0.0945	-0.2745	1	1	0.514479698
41	0.08	-0.3135	1	1	0.4999179
41.05	0.066	-0.3615	1	1	0.483181103
41.1	0.0515	-0.417	1	1	0.463856805
41.15	0.0375	-0.4845	1	1	0.441457507
41.2	0.0235	-0.567	1	1	0.415308209
41.25	0.0105	-0.669	1	1	0.384546412
41.3	-0.002	-0.7965	1	1	0.348047114
41.351	-0.0145	-0.963	1	1	0.30332083
41.4	-0.026	-1.173	1	1	0.251124268
41.45	-0.036	-1.4355	1	1	0.18604997
41.5	-0.0465	-1.7265	1	1	0.107138173
41.55	-0.0565	-1.9605	1	1	0.015101375
41.6	-0.069	-2.1045	1	1	-0.086385423
41.65	-0.084	-2.124	1	1	-0.191959721
41.7	-0.1015	-1.989	1	1	-0.294646519
41.75	-0.1215	-1.713	1	1	-0.387058316
41.8	-0.1435	-1.347	1	1	-0.463420114
41.85	-0.1655	-0.999	1	1	-0.521931912
41.9	-0.1785	-0.048	1	1	-0.54796871
41.95	-0.1675	0.1335	1	1	-0.545693008
42	-0.153	0.1605	1	1	-0.538204805
42.05	-0.138	0.183	1	1	-0.529479103
42.1	-0.1235	0.21	1	1	-0.519515901
42.15	-0.109	0.237	1	1	-0.508202699
42.2	-0.0945	0.2685	1	1	-0.495426997
42.25	-0.0795	0.309	1	1	-0.480851294
42.3	-0.0655	0.357	1	1	-0.464063092
42.35	-0.051	0.4125	1	1	-0.44468739
42.4	-0.037	0.4815	1	1	-0.422199188
42.45	-0.0235	0.564	1	1	-0.395923486
42.5	-0.01	0.6675	1	1	-0.364997783
42.55	0.0025	0.7965	1	1	-0.328259581
42.6	0.0145	0.963	1	1	-0.284133879
42.65	0.026	1.176	1	1	-0.230520677
42.7	0.0365	1.437	1	1	-0.165057475
42.75	0.0465	1.7235	1	1	-0.085906772
42.8	0.057	1.953	1	1	0.00614393
42.85	0.07	2.0985	1	1	0.107569632
42.9	0.0845	2.109	1	1	0.212895334
42.95	0.103	1.956	1	1	0.314658536
43	0.123	1.68	1	1	0.405696739
43.05	0.1445	1.3275	1	1	0.481022441
43.1	0.166	1.002	1	1	0.539398143
43.15	0.1785	0.0375	1	1	0.565523845
43.2	0.1675	-0.1395	1	1	0.563112047
43.25	0.153	-0.1665	1	1	0.55560025
43.3	0.138	-0.189	1	1	0.546850952
43.35	0.1235	-0.216	1	1	0.536864154
43.4	0.109	-0.243	1	1	0.525527356
43.45	0.0945	-0.276	1	1	0.512690558
43.5	0.08	-0.3165	1	1	0.498016261
43.55	0.0655	-0.363	1	1	0.481166963
43.6	0.0515	-0.4185	1	1	0.461767665
43.65	0.0375	-0.486	1	1	0.439293367
43.7	0.0235	-0.5685	1	1	0.413069069
43.75	0.0105	-0.6705	1	1	0.382232272
43.801	-0.0025	-0.7995	1	1	0.344888238
43.851	-0.015	-0.969	1	1	0.30081394
43.9	-0.0255	-1.173	1	1	0.248470378
43.951	-0.0365	-1.4475	1	1	0.181788595
44.001	-0.0465	-1.7325	1	1	0.102426797
44.051	-0.057	-1.965	1	1	0.010127499
44.101	-0.0695	-2.109	1	1	-0.091584299
44.15	-0.0835	-2.1255	1	1	-0.195194111
44.201	-0.102	-1.9875	1	1	-0.299934644
44.251	-0.1225	-1.704	1	1	-0.392083942
44.301	-0.1445	-1.329	1	1	-0.46777074
44.351	-0.166	-0.9915	1	1	-0.525645038
44.401	-0.1785	-0.018	1	1	-0.550744336
44.451	-0.167	0.1335	1	1	-0.547718633
44.501	-0.1525	0.162	1	1	-0.540192931
44.551	-0.1375	0.186	1	1	-0.531354729
44.601	-0.1235	0.21	1	1	-0.521316527
44.651	-0.1085	0.24	1	1	-0.509928325
44.701	-0.094	0.27	1	1	-0.497040122
44.751	-0.079	0.3105	1	1	-0.48238942
44.801	-0.065	0.3585	1	1	-0.465526218
44.851	-0.051	0.414	1	1	-0.446075516
44.901	-0.037	0.4815	1	1	-0.423549814
44.951	-0.023	0.5655	1	1	-0.397236611
45.001	-0.0095	0.669	1	1	-0.366235909
45.051	0.003	0.798	1	1	-0.329422707
45.101	0.015	0.966	1	1	-0.285184505
45.151	0.026	1.179	1	1	-0.231421303
45.201	0.0365	1.4415	1	1	-0.1657706
45.251	0.0465	1.7235	1	1	-0.086507398
45.301	0.0575	1.9575	1	1	0.005655804
45.351	0.07	2.0985	1	1	0.107194006
45.401	0.0845	2.109	1	1	0.212519708
45.451	0.1025	1.962	1	1	0.314432911
45.501	0.123	1.68	1	1	0.405621113
45.551	0.145	1.32	1	1	0.480759315
45.601	0.166	0.9945	1	1	0.538760017
45.651	0.179	0.0375	1	1	0.564698219
45.701	0.1675	-0.1395	1	1	0.562286422
45.751	0.1525	-0.1665	1	1	0.554774624
45.801	0.138	-0.1905	1	1	0.545987826
45.851	0.1235	-0.2145	1	1	0.536001028
45.901	0.1085	-0.2445	1	1	0.52466423
45.951	0.0945	-0.276	1	1	0.511789933
46.001	0.0795	-0.3165	1	1	0.497115635
46.051	0.0655	-0.363	1	1	0.480266337
46.101	0.051	-0.4185	1	1	0.460867039
46.151	0.037	-0.486	1	1	0.438392741
46.201	0.0235	-0.5685	1	1	0.412168444
46.251	0.01	-0.672	1	1	0.381294146
46.3	-0.002	-0.7965	1	1	0.345451334
46.351	-0.0145	-0.9645	1	1	0.3006868
46.401	-0.026	-1.1775	1	1	0.247275002
46.451	-0.0365	-1.4415	1	1	0.181938205
46.501	-0.046	-1.725	1	1	0.102913907
46.551	-0.057	-1.965	1	1	0.010802109
46.601	-0.0695	-2.1075	1	1	-0.090872189
46.651	-0.084	-2.1255	1	1	-0.196558986
46.701	-0.102	-1.989	1	1	-0.299283284
46.751	-0.122	-1.7115	1	1	-0.391657582
46.801	-0.1445	-1.338	1	1	-0.46775688
46.851	-0.166	-0.9915	1	1	-0.525856178
46.901	-0.1785	-0.033	1	1	-0.551330475
46.951	-0.1675	0.1335	1	1	-0.548679773
47.001	-0.1525	0.159	1	1	-0.541229071
47.051	-0.138	0.183	1	1	-0.532540869
47.101	-0.123	0.21	1	1	-0.522577667
47.151	-0.1085	0.237	1	1	-0.511264464
47.201	-0.094	0.27	1	1	-0.498451262
47.251	-0.0795	0.3105	1	1	-0.48380056
47.301	-0.065	0.3585	1	1	-0.466937358
47.351	-0.051	0.414	1	1	-0.447486656
47.401	-0.0365	0.483	1	1	-0.424923453
47.451	-0.023	0.5655	1	1	-0.398572751
47.501	-0.0095	0.6705	1	1	-0.367534549
47.551	0.003	0.7995	1	1	-0.330646347
47.601	0.015	0.966	1	1	-0.286370645
47.651	0.0265	1.185	1	1	-0.232457442
47.701	0.0365	1.4415	1	1	-0.16665674
47.751	0.0465	1.7235	1	1	-0.087393538
47.801	0.0575	1.959	1	1	0.004807164
47.851	0.07	2.0985	1	1	0.106382866
47.901	0.0845	2.109	1	1	0.211708569
47.951	0.1025	1.962	1	1	0.313621771
48.001	0.123	1.68	1	1	0.404809973
48.051	0.145	1.311	1	1	0.479723175
48.101	0.166	0.996	1	1	0.537536377
48.151	0.179	0.036	1	1	0.56347458
48.201	0.1675	-0.1395	1	1	0.561025282
48.251	0.153	-0.1665	1	1	0.553513484
48.301	0.138	-0.189	1	1	0.544764186
48.351	0.1235	-0.2145	1	1	0.534814888
48.401	0.109	-0.243	1	1	0.523515591
48.451	0.0945	-0.276	1	1	0.510678793
48.501	0.08	-0.3165	1	1	0.496004495
48.551	0.0655	-0.363	1	1	0.479155197
48.601	0.051	-0.4185	1	1	0.459755899
48.651	0.037	-0.486	1	1	0.437281602
48.701	0.0235	-0.5685	1	1	0.411057304
48.751	0.01	-0.6705	1	1	0.380220506
48.801	-0.0025	-0.798	1	1	0.343646208
48.851	-0.0145	-0.963	1	1	0.29975941
48.901	-0.026	-1.1775	1	1	0.246385113
48.951	-0.0365	-1.4415	1	1	0.181048315
49.001	-0.0465	-1.725	1	1	0.102024017
49.051	-0.057	-1.965	1	1	0.009912219
49.101	-0.0695	-2.1075	1	1	-0.091762079
49.151	-0.084	-2.1255	1	1	-0.197448876
49.201	-0.1015	-1.989	1	1	-0.300173174
49.251	-0.122	-1.7115	1	1	-0.392547472
49.301	-0.144	-1.338	1	1	-0.46864677
49.351	-0.166	-0.9915	1	1	-0.526746068
49.401	-0.1785	-0.0315	1	1	-0.552182865
49.451	-0.1675	0.1335	1	1	-0.549494663
49.501	-0.1525	0.1605	1	1	-0.542006461
49.551	-0.138	0.183	1	1	-0.533280759
49.601	-0.123	0.21	1	1	-0.523317557
49.651	-0.1085	0.237	1	1	-0.512004354
49.701	-0.094	0.27	1	1	-0.499191152
49.751	-0.0795	0.3105	1	1	-0.48454045
49.801	-0.0645	0.3585	1	1	-0.467677248
49.851	-0.051	0.414	1	1	-0.448226545
49.901	-0.037	0.4815	1	1	-0.425700843
49.951	-0.023	0.567	1	1	-0.399350141
50.001	-0.0095	0.6705	1	1	-0.368274439
50.051	0.003	0.7995	1	1	-0.331386237
50.101	0.015	0.966	1	1	-0.287110534
50.151	0.0265	1.179	1	1	-0.233347332
50.201	0.0365	1.443	1	1	-0.16765913
50.251	0.0465	1.7235	1	1	-0.088358428
50.301	0.0575	1.9575	1	1	0.003804774
50.351	0.07	2.097	1	1	0.105305477
50.401	0.0845	2.109	1	1	0.210593679
50.451	0.1025	1.962	1	1	0.312506881
50.5	0.123	1.68	1	1	0.401871319
50.551	0.145	1.32	1	1	0.478512285
50.6	0.1665	0.9945	1	1	0.535352974
50.651	0.179	0.036	1	1	0.56177169
50.701	0.1675	-0.1395	1	1	0.559322392
50.751	0.153	-0.1665	1	1	0.551810594
50.801	0.1385	-0.189	1	1	0.543061296
50.851	0.1235	-0.2175	1	1	0.533036999
50.9	0.109	-0.243	1	1	0.521890187
50.95	0.0945	-0.2745	1	1	0.509090889
51	0.08	-0.315	1	1	0.494491591
51.05	0.0655	-0.3645	1	1	0.477642293
51.101	0.051	-0.4185	1	1	0.45781676
51.15	0.037	-0.486	1	1	0.435791948
51.2	0.0235	-0.5685	1	1	0.40956765
51.25	0.01	-0.6705	1	1	0.378730852
51.301	-0.0025	-0.7995	1	1	0.341386818
51.35	-0.0145	-0.9675	1	1	0.298230757
51.4	-0.026	-1.1775	1	1	0.244743959
51.451	-0.0365	-1.44	1	1	0.178138675
51.5	-0.0465	-1.7265	1	1	0.100694863
51.551	-0.057	-1.9635	1	1	0.006740829
51.601	-0.0695	-2.1075	1	1	-0.094895968
51.65	-0.084	-2.1255	1	1	-0.19846903
51.7	-0.102	-1.9875	1	1	-0.301155828
51.751	-0.122	-1.713	1	1	-0.395377612
51.801	-0.144	-1.338	1	1	-0.47151441
51.85	-0.166	-0.99	1	1	-0.528414971
51.9	-0.1785	-0.03	1	1	-0.553776769
51.95	-0.1675	0.1335	1	1	-0.551051067
52	-0.1525	0.1605	1	1	-0.543562865
52.05	-0.138	0.183	1	1	-0.534837163
52.1	-0.1235	0.21	1	1	-0.52487396
52.15	-0.1085	0.2385	1	1	-0.513523258
52.2	-0.094	0.27	1	1	-0.500672556
52.25	-0.0795	0.3105	1	1	-0.486021854
52.3	-0.065	0.3585	1	1	-0.469158652
52.35	-0.051	0.414	1	1	-0.449707949
52.4	-0.037	0.4815	1	1	-0.427182247
52.45	-0.023	0.5655	1	1	-0.400869045
52.5	-0.0095	0.6705	1	1	-0.369830843
52.55	0.0025	0.7995	1	1	-0.332942641
52.601	0.015	0.969	1	1	-0.287704924
52.65	0.0265	1.179	1	1	-0.234943486
52.7	0.0365	1.4415	1	1	-0.169292784
52.75	0.0465	1.7235	1	1	-0.090029582
52.8	0.0575	1.959	1	1	0.00217112
52.85	0.07	2.0985	1	1	0.103746823
52.9	0.0845	2.109	1	1	0.209072525
52.95	0.1025	1.962	1	1	0.310985727
53	0.123	1.68	1	1	0.402173929
53.05	0.145	1.32	1	1	0.477312131
53.1	0.1665	0.9945	1	1	0.535312834
53.15	0.179	0.0345	1	1	0.561176036
53.2	0.1675	-0.1395	1	1	0.558689238
53.25	0.153	-0.1665	1	1	0.55117744
53.3	0.138	-0.1905	1	1	0.542390642
53.35	0.1235	-0.216	1	1	0.532366345
53.4	0.1085	-0.246	1	1	0.520954547
53.45	0.0945	-0.2745	1	1	0.508080249
53.5	0.08	-0.315	1	1	0.493480951
53.55	0.0655	-0.3645	1	1	0.476631654
53.6	0.051	-0.42	1	1	0.457157356
53.65	0.037	-0.486	1	1	0.434645558
53.7	0.0235	-0.5685	1	1	0.40842126
53.75	0.01	-0.6735	1	1	0.377509462
53.8	-0.0025	-0.7995	1	1	0.340822665
53.85	-0.0145	-0.9645	1	1	0.296860867
53.9	-0.026	-1.1775	1	1	0.243449069
53.95	-0.0365	-1.4415	1	1	0.178112271
54	-0.0465	-1.7265	1	1	0.099050473
54.05	-0.057	-1.965	1	1	0.006901176
54.1	-0.0695	-2.106	1	1	-0.094735622
54.15	-0.084	-2.124	1	1	-0.20034742
54.2	-0.102	-1.9845	1	1	-0.302921718
54.25	-0.122	-1.7115	1	1	-0.395183516
54.3	-0.1445	-1.338	1	1	-0.471282813
54.35	-0.166	-0.9915	1	1	-0.529382111
54.4	-0.1785	-0.03	1	1	-0.554781409
54.45	-0.1675	0.1335	1	1	-0.552055707
54.5	-0.1525	0.1605	1	1	-0.544567505
54.55	-0.1375	0.1845	1	1	-0.535804302
54.6	-0.123	0.21	1	1	-0.5258036
54.65	-0.1085	0.237	1	1	-0.514490398
54.7	-0.094	0.27	1	1	-0.501677196
54.75	-0.0795	0.309	1	1	-0.487063994
54.8	-0.065	0.3585	1	1	-0.470238291
54.85	-0.051	0.414	1	1	-0.450787589
54.9	-0.037	0.483	1	1	-0.428224387
54.95	-0.023	0.5655	1	1	-0.401873685
55	-0.0095	0.6705	1	1	-0.370835483
55.05	0.003	0.8025	1	1	-0.33387228
55.1	0.015	0.966	1	1	-0.289521578
55.15	0.0265	1.1805	1	1	-0.235720876
55.2	0.0365	1.443	1	1	-0.169995174
55.25	0.0465	1.7235	1	1	-0.090694472
55.3	0.0575	1.959	1	1	0.001506231
55.35	0.07	2.097	1	1	0.103044433
55.4	0.0845	2.109	1	1	0.208332635
55.45	0.1025	1.962	1	1	0.310245837
55.5	0.123	1.68	1	1	0.401434039
55.55	0.145	1.3185	1	1	0.476534742
55.6	0.1665	0.9945	1	1	0.534497944
55.65	0.179	0.0345	1	1	0.560361146
55.7	0.1675	-0.1395	1	1	0.557874348
55.75	0.153	-0.1665	1	1	0.55036255
55.8	0.1385	-0.189	1	1	0.541613253
55.85	0.1235	-0.216	1	1	0.531626455
55.9	0.109	-0.2445	1	1	0.520252157
55.95	0.0945	-0.2745	1	1	0.507415359
56	0.08	-0.315	1	1	0.492816061
56.05	0.0655	-0.363	1	1	0.476004264
56.1	0.0515	-0.4185	1	1	0.456604966
56.15	0.037	-0.486	1	1	0.434130668
56.2	0.0235	-0.57	1	1	0.40786887
56.25	0.01	-0.672	1	1	0.376957072
56.3	-0.0025	-0.7995	1	1	0.340307775
56.35	-0.0145	-0.9645	1	1	0.296345977
56.4	-0.026	-1.1775	1	1	0.242934179
56.45	-0.0365	-1.4475	1	1	0.177447381
56.5	-0.0465	-1.728	1	1	0.098198084
56.55	-0.057	-1.965	1	1	0.006011286
56.6	-0.0695	-2.109	1	1	-0.095700512
56.65	-0.084	-2.124	1	1	-0.20138731
56.7	-0.102	-1.989	1	1	-0.304074108
56.75	-0.122	-1.7115	1	1	-0.396448405
56.8	-0.1445	-1.338	1	1	-0.472547703
56.85	-0.166	-0.9915	1	1	-0.530647001
56.9	-0.1785	-0.03	1	1	-0.556046299
56.95	-0.167	0.1335	1	1	-0.553320597
57.001	-0.152	0.1605	1	1	-0.54568263
57.051	-0.1375	0.1845	1	1	-0.536919428
57.101	-0.123	0.2115	1	1	-0.526881226
57.151	-0.108	0.24	1	1	-0.515455524
57.201	-0.0935	0.2715	1	1	-0.502529822
57.251	-0.079	0.312	1	1	-0.487804119
57.301	-0.065	0.36	1	1	-0.470865917
57.351	-0.0505	0.4155	1	1	-0.451340215
57.401	-0.0365	0.483	1	1	-0.428739513
57.451	-0.023	0.5685	1	1	-0.402313811
57.501	-0.0095	0.672	1	1	-0.371163108
57.551	0.003	0.8025	1	1	-0.334162406
57.601	0.015	0.9705	1	1	-0.289699204
57.651	0.0265	1.1835	1	1	-0.235711002
57.701	0.037	1.449	1	1	-0.1697603
57.751	0.047	1.731	1	1	-0.090122097
57.801	0.0575	1.959	1	1	0.002266105
57.851	0.07	2.1	1	1	0.103879307
57.901	0.085	2.1075	1	1	0.209205009
57.951	0.103	1.9575	1	1	0.310968211
58.001	0.1235	1.674	1	1	0.401893914
58.051	0.1455	1.311	1	1	0.476657116
58.101	0.1665	0.9885	1	1	0.534282818
58.151	0.179	0.021	1	1	0.55965852
58.201	0.1675	-0.1395	1	1	0.556834222
58.251	0.1525	-0.165	1	1	0.549359925
58.301	0.138	-0.189	1	1	0.540648127
58.351	0.1235	-0.216	1	1	0.530661329
58.401	0.1085	-0.246	1	1	0.519249531
58.451	0.094	-0.276	1	1	0.506337733
58.501	0.0795	-0.3165	1	1	0.491663436
58.551	0.065	-0.3645	1	1	0.474776638
58.601	0.051	-0.42	1	1	0.45530234
58.651	0.037	-0.4875	1	1	0.432753042
58.701	0.023	-0.5715	1	1	0.406416244
58.751	0.0095	-0.6735	1	1	0.375429447
58.801	-0.0025	-0.801	1	1	0.338705149
58.851	-0.015	-0.9675	1	1	0.294630851
58.901	-0.026	-1.182	1	1	0.241031553
58.951	-0.0365	-1.4475	1	1	0.175432256
59.001	-0.0465	-1.7325	1	1	0.096070458
59.051	-0.057	-1.9695	1	1	0.00365866
59.101	-0.0695	-2.109	1	1	-0.098165638
59.151	-0.0845	-2.124	1	1	-0.203852436
59.201	-0.102	-1.983	1	1	-0.306389233
59.251	-0.1225	-1.704	1	1	-0.398426031
59.301	-0.145	-1.329	1	1	-0.474112829
59.351	-0.1665	-0.9825	1	1	-0.531762127
59.401	-0.1785	0	1	1	-0.556186425
59.451	-0.167	0.1335	1	1	-0.552710722
59.501	-0.1525	0.1605	1	1	-0.54522252
59.551	-0.1375	0.183	1	1	-0.536496818
59.601	-0.123	0.2115	1	1	-0.526496116
59.651	-0.108	0.24	1	1	-0.515070414
59.701	-0.0935	0.2715	1	1	-0.502144711
59.751	-0.079	0.312	1	1	-0.487419009
59.801	-0.0645	0.36	1	1	-0.470480807
59.851	-0.0505	0.4155	1	1	-0.450955105
59.901	-0.0365	0.483	1	1	-0.428354403
59.951	-0.023	0.5685	1	1	-0.4019287
