MIN=0	-1	-3	0	0	-2
MAX=60	1	3	1	1	2
SCALE=60	0.5	1	0.5	0.5	1
DEC=2	3	3	0	0	2
DEF="Time" t / s	"Current" I_A1 / A	"Voltage" U_B1 / V	"Relay" R_1	"Voltage source" S_1	"Magnetic Flux" &F / Vs
50	0	0.036	1	1	-0.010983
50.05	0.001	0.0375	1	1	-0.0091455
50.1	0.0025	0.0375	1	1	-0.0072705
50.15	0.004	0.039	1	1	-0.005358
50.2	0.0055	0.039	1	1	-0.003408
50.25	0.007	0.0405	1	1	-0.0014205
50.3	0.009	0.042	1	1	0.000642
50.35	0.0105	0.042	1	1	0.002742
50.4	0.0115	0.0435	1	1	0.0048795
50.45	0.0135	0.0435	1	1	0.0070545
50.5	0.015	0.0435	1	1	0.0092295
50.55	0.0165	0.045	1	1	0.011442
50.6	0.018	0.045	1	1	0.013692
50.65	0.0195	0.045	1	1	0.015942
50.7	0.021	0.048	1	1	0.018267
50.75	0.0225	0.0465	1	1	0.0206295
50.8	0.024	0.048	1	1	0.022992
50.85	0.0255	0.048	1	1	0.025392
50.9	0.027	0.0495	1	1	0.0278295
50.95	0.0285	0.0495	1	1	0.0303045
51	0.03	0.0495	1	1	0.0327795
51.05	0.0315	0.0495	1	1	0.0352545
51.1	0.033	0.0495	1	1	0.0377295
51.15	0.0345	0.048	1	1	0.040167
51.2	0.036	0.048	1	1	0.042567
51.25	0.0375	0.03	1	1	0.044517
51.3	0.037	-0.0165	1	1	0.0448545
51.35	0.0355	-0.018	1	1	0.043992
51.4	0.034	-0.021	1	1	0.043017
51.45	0.0325	-0.021	1	1	0.041967
51.5	0.031	-0.0225	1	1	0.0408795
51.55	0.0295	-0.024	1	1	0.039717
51.6	0.028	-0.0255	1	1	0.0384795
51.65	0.0265	-0.027	1	1	0.037167
51.7	0.025	-0.027	1	1	0.035817
51.75	0.0235	-0.0285	1	1	0.0344295
51.8	0.022	-0.0285	1	1	0.0330045
51.85	0.0205	-0.0285	1	1	0.0315795
51.9	0.019	-0.0285	1	1	0.0301545
51.95	0.0175	-0.03	1	1	0.028692
52	0.016	-0.03	1	1	0.027192
52.05	0.0145	-0.0315	1	1	0.0256545
52.1	0.013	-0.0315	1	1	0.0240795
52.15	0.0115	-0.0315	1	1	0.0225045
52.2	0.01	-0.033	1	1	0.020892
52.25	0.0085	-0.033	1	1	0.019242
52.3	0.007	-0.033	1	1	0.017592
52.35	0.0055	-0.033	1	1	0.015942
52.4	0.004	-0.0345	1	1	0.0142545
52.45	0.0025	-0.036	1	1	0.012492
52.5	0.001	-0.036	1	1	0.010692
52.55	0	-0.0375	1	1	0.0088545
52.6	-0.0015	-0.039	1	1	0.006942
52.65	-0.003	-0.039	1	1	0.004992
52.7	-0.005	-0.039	1	1	0.003042
52.75	-0.0065	-0.0405	1	1	0.0010545
52.8	-0.008	-0.042	1	1	-0.001008
52.85	-0.0095	-0.042	1	1	-0.003108
52.9	-0.011	-0.0435	1	1	-0.0052455
52.95	-0.0125	-0.0435	1	1	-0.0074205
53	-0.014	-0.0435	1	1	-0.0095955
53.051	-0.0155	-0.0435	1	1	-0.011814
53.1	-0.017	-0.045	1	1	-0.01398225
53.15	-0.0185	-0.0465	1	1	-0.01626975
53.2	-0.02	-0.0465	1	1	-0.01859475
53.25	-0.0215	-0.0465	1	1	-0.02091975
53.3	-0.023	-0.048	1	1	-0.02328225
53.35	-0.0245	-0.048	1	1	-0.02568225
53.4	-0.026	-0.0495	1	1	-0.02811975
53.45	-0.0275	-0.0495	1	1	-0.03059475
53.501	-0.029	-0.0495	1	1	-0.03311925
53.55	-0.0305	-0.051	1	1	-0.0355815
53.601	-0.032	-0.051	1	1	-0.0381825
53.651	-0.034	-0.0495	1	1	-0.040695
53.701	-0.0355	-0.0495	1	1	-0.04317
53.751	-0.037	-0.0255	1	1	-0.045045
53.801	-0.0365	0.015	1	1	-0.0453075
53.851	-0.035	0.0195	1	1	-0.044445
53.901	-0.0335	0.021	1	1	-0.0434325
53.951	-0.032	0.0225	1	1	-0.042345
54.001	-0.0305	0.024	1	1	-0.0411825
54.051	-0.029	0.024	1	1	-0.0399825
54.101	-0.0275	0.0255	1	1	-0.038745
54.151	-0.0255	0.0255	1	1	-0.03747
54.201	-0.024	0.0255	1	1	-0.036195
54.251	-0.0225	0.0255	1	1	-0.03492
54.301	-0.021	0.0285	1	1	-0.03357
54.351	-0.0195	0.0285	1	1	-0.032145
54.401	-0.018	0.0285	1	1	-0.03072
54.451	-0.0165	0.0285	1	1	-0.029295
54.501	-0.015	0.03	1	1	-0.0278325
54.551	-0.0135	0.03	1	1	-0.0263325
54.601	-0.012	0.0315	1	1	-0.024795
54.651	-0.0105	0.0315	1	1	-0.02322
54.701	-0.009	0.0315	1	1	-0.021645
54.751	-0.0075	0.033	1	1	-0.0200325
54.801	-0.006	0.033	1	1	-0.0183825
54.851	-0.0045	0.0345	1	1	-0.016695
54.901	-0.003	0.0345	1	1	-0.01497
54.951	-0.0015	0.036	1	1	-0.0132075
55.001	0	0.0375	1	1	-0.01137
55.051	0.001	0.0375	1	1	-0.009495
55.101	0.003	0.039	1	1	-0.0075825
55.151	0.004	0.0405	1	1	-0.005595
55.201	0.006	0.0405	1	1	-0.00357
55.251	0.0075	0.0405	1	1	-0.001545
55.301	0.009	0.042	1	1	0.0005175
55.351	0.0105	0.042	1	1	0.0026175
55.401	0.012	0.0435	1	1	0.004755
55.451	0.0135	0.0435	1	1	0.00693
55.501	0.015	0.0435	1	1	0.009105
55.551	0.0165	0.045	1	1	0.0113175
55.601	0.018	0.0465	1	1	0.013605
55.651	0.0195	0.0465	1	1	0.01593
55.701	0.021	0.048	1	1	0.0182925
55.751	0.0225	0.048	1	1	0.0206925
55.801	0.024	0.048	1	1	0.0230925
55.851	0.0255	0.0495	1	1	0.02553
55.901	0.027	0.0495	1	1	0.028005
55.951	0.0285	0.0495	1	1	0.03048
56.001	0.03	0.0495	1	1	0.032955
56.051	0.0315	0.0495	1	1	0.03543
56.101	0.033	0.0495	1	1	0.037905
56.151	0.0345	0.0495	1	1	0.04038
56.201	0.036	0.0495	1	1	0.042855
56.251	0.0375	0.027	1	1	0.0447675
56.3	0.037	-0.015	1	1	0.0450615
56.351	0.0355	-0.018	1	1	0.04422
56.401	0.034	-0.0195	1	1	0.0432825
56.451	0.0325	-0.021	1	1	0.04227
56.501	0.031	-0.0225	1	1	0.0411825
56.551	0.0295	-0.024	1	1	0.04002
56.601	0.028	-0.024	1	1	0.03882
56.651	0.0265	-0.0255	1	1	0.0375825
56.701	0.025	-0.0255	1	1	0.0363075
56.751	0.0235	-0.0255	1	1	0.0350325
56.801	0.022	-0.027	1	1	0.03372
56.851	0.0205	-0.027	1	1	0.03237
56.901	0.019	-0.027	1	1	0.03102
56.951	0.0175	-0.0285	1	1	0.0296325
57.001	0.016	-0.03	1	1	0.02817
57.051	0.0145	-0.0285	1	1	0.0267075
57.101	0.013	-0.03	1	1	0.025245
57.151	0.0115	-0.03	1	1	0.023745
57.201	0.01	-0.0315	1	1	0.0222075
57.251	0.0085	-0.0315	1	1	0.0206325
57.301	0.007	-0.033	1	1	0.01902
57.351	0.0055	-0.0345	1	1	0.0173325
57.401	0.004	-0.0345	1	1	0.0156075
57.451	0.002	-0.036	1	1	0.013845
57.501	0.001	-0.036	1	1	0.012045
57.551	-0.0005	-0.036	1	1	0.010245
57.601	-0.002	-0.0375	1	1	0.0084075
57.651	-0.0035	-0.0375	1	1	0.0065325
57.701	-0.005	-0.039	1	1	0.00462
57.751	-0.0065	-0.039	1	1	0.00267
57.801	-0.008	-0.0405	1	1	0.0006825
57.851	-0.0095	-0.0405	1	1	-0.0013425
57.901	-0.011	-0.042	1	1	-0.003405
57.951	-0.0125	-0.042	1	1	-0.005505
58.001	-0.014	-0.042	1	1	-0.007605
58.051	-0.0155	-0.045	1	1	-0.00978
58.101	-0.017	-0.0435	1	1	-0.0119925
58.151	-0.0185	-0.045	1	1	-0.014205
58.201	-0.02	-0.0465	1	1	-0.0164925
58.251	-0.0215	-0.0465	1	1	-0.0188175
58.301	-0.023	-0.048	1	1	-0.02118
58.351	-0.0245	-0.048	1	1	-0.02358
58.401	-0.026	-0.048	1	1	-0.02598
58.451	-0.0275	-0.0495	1	1	-0.0284175
58.501	-0.029	-0.048	1	1	-0.030855
58.551	-0.0305	-0.0495	1	1	-0.0332925
58.601	-0.032	-0.0495	1	1	-0.0357675
58.651	-0.034	-0.051	1	1	-0.03828
58.701	-0.035	-0.0495	1	1	-0.0407925
58.751	-0.037	-0.0255	1	1	-0.0426675
58.801	-0.0365	0.0165	1	1	-0.0428925
