MIN=0	-1	-3	0	0	-2
MAX=60	1	3	1	1	2
SCALE=60	0.5	1	0.5	0.5	1
DEC=2	3	3	0	0	2
DEF="Time" t / s	"Current" I_A1 / A	"Voltage" U_B1 / V	"Relay" R_1	"Voltage source" S_1	"Magnetic Flux" &F / Vs
1	-0.1515	0.1905	1	1	-0.470475008
1.05	-0.125	0.369	1	1	-0.457209994
1.1	-0.097	0.4755	1	1	-0.43681998
1.15	-0.0685	0.621	1	1	-0.410129967
1.201	-0.0415	0.81	1	1	-0.374376403
1.25	-0.016	1.0665	1	1	-0.32911019
1.3	0.007	1.4385	1	1	-0.267207676
1.35	0.0285	1.9845	1	1	-0.182355163
1.4	0.0455	2.6745	1	1	-0.066602649
1.45	0.0635	3.072	1	1	0.076337364
1.5	0.088	3.0735	1	1	0.229252378
1.55	0.125	3.0735	1	1	0.382204892
1.6	0.154	0.405	1	1	0.468444905
1.65	0.1395	-0.3135	1	1	0.470009919
1.7	0.111	-0.429	1	1	0.450724932
1.75	0.083	-0.5475	1	1	0.425589946
1.8	0.0555	-0.7065	1	1	0.393517459
1.85	0.029	-0.927	1	1	0.351957473
1.9	0.004	-1.233	1	1	0.297234986
1.95	-0.018	-1.674	1	1	0.2238375
2	-0.037	-2.3025	1	1	0.123702514
2.05	-0.0535	-3.0255	1	1	-0.010219973
2.1	-0.074	-3.069	1	1	-0.163304959
2.15	-0.104	-3.0675	1	1	-0.317439946
2.2	-0.145	-1.584	1	1	-0.434449932
2.25	-0.1515	0.1905	1	1	-0.470009919
2.3	-0.125	0.3705	1	1	-0.456707405
2.35	-0.097	0.4785	1	1	-0.436204892
2.4	-0.069	0.618	1	1	-0.409514878
2.45	-0.042	0.8055	1	1	-0.374649864
2.5	-0.016	1.068	1	1	-0.328534851
2.55	0.0075	1.4385	1	1	-0.266594837
2.6	0.028	1.971	1	1	-0.182079824
2.65	0.0455	2.6745	1	1	-0.06666481
2.7	0.0635	3.0735	1	1	0.076312703
2.75	0.088	3.0735	1	1	0.229265217
2.8	0.1255	3.0735	1	1	0.38221773
2.85	0.1545	0.3945	1	1	0.468195244
2.9	0.1395	-0.315	1	1	0.469460258
2.95	0.1115	-0.4275	1	1	0.450175271
3	0.083	-0.5475	1	1	0.425077785
3.05	0.0555	-0.708	1	1	0.392967798
3.101	0.0285	-0.9315	1	1	0.350423612
3.15	0.004	-1.233	1	1	0.296685325
3.2	-0.018	-1.6755	1	1	0.223250339
3.25	-0.0365	-2.3025	1	1	0.123077852
3.3	-0.0535	-3.024	1	1	-0.010807134
3.35	-0.0745	-3.069	1	1	-0.16385462
3.4	-0.104	-3.069	1	1	-0.318027107
3.451	-0.145	-1.578	1	1	-0.437262543
3.501	-0.1515	0.201	1	1	-0.47241003
3.551	-0.1245	0.3735	1	1	-0.458770016
3.601	-0.0965	0.4815	1	1	-0.438117502
3.651	-0.0685	0.6225	1	1	-0.411239989
3.701	-0.0415	0.8115	1	1	-0.376112475
3.751	-0.0155	1.0755	1	1	-0.329659962
3.801	0.0075	1.449	1	1	-0.267269948
3.851	0.0285	1.983	1	1	-0.182192435
3.901	0.0455	2.688	1	1	-0.066139921
3.951	0.064	3.072	1	1	0.077137592
4.001	0.0895	3.0735	1	1	0.230052606
4.051	0.1265	3.072	1	1	0.38296762
4.101	0.1545	0.3525	1	1	0.467857633
4.151	0.1385	-0.3195	1	1	0.467960147
4.201	0.1105	-0.429	1	1	0.44852516
4.251	0.0825	-0.5505	1	1	0.423315174
4.301	0.055	-0.7095	1	1	0.391092687
4.351	0.0285	-0.9315	1	1	0.349345201
4.401	0.003	-1.2465	1	1	0.294172714
4.451	-0.0185	-1.6845	1	1	0.220175228
4.501	-0.0375	-2.3295	1	1	0.119102742
4.551	-0.054	-3.0375	1	1	-0.015794745
4.601	-0.0745	-3.069	1	1	-0.169179731
4.651	-0.105	-3.069	1	1	-0.323352218
4.701	-0.145	-1.5735	1	1	-0.440137204
4.751	-0.1515	0.201	1	1	-0.475172191
4.801	-0.1245	0.3735	1	1	-0.461532177
4.851	-0.096	0.483	1	1	-0.440842164
4.901	-0.0685	0.6225	1	1	-0.41392715
4.951	-0.0415	0.8115	1	1	-0.378799636
5.001	-0.0155	1.0755	1	1	-0.332347123
5.051	0.0075	1.449	1	1	-0.269957109
5.101	0.0285	1.9845	1	1	-0.184842096
5.151	0.0455	2.688	1	1	-0.068752082
5.201	0.064	3.0735	1	1	0.074562931
5.251	0.0885	3.0735	1	1	0.227515445
5.301	0.1265	3.0735	1	1	0.380467958
5.351	0.1545	0.351	1	1	0.465357972
5.401	0.139	-0.315	1	1	0.465535486
5.451	0.1105	-0.4275	1	1	0.446250499
5.501	0.0825	-0.549	1	1	0.421115513
5.551	0.055	-0.711	1	1	0.388893026
5.601	0.0285	-0.9315	1	1	0.34710804
5.651	0.0035	-1.239	1	1	0.292123053
5.701	-0.0185	-1.692	1	1	0.218125567
5.751	-0.037	-2.3145	1	1	0.11724058
5.801	-0.054	-3.036	1	1	-0.017244406
5.851	-0.0745	-3.069	1	1	-0.170591892
5.901	-0.105	-3.069	1	1	-0.324764379
5.951	-0.1455	-1.569	1	1	-0.441436865
6.001	-0.151	0.21	1	1	-0.476134352
6.051	-0.1245	0.3735	1	1	-0.462269338
6.101	-0.096	0.4815	1	1	-0.441616825
6.151	-0.0685	0.624	1	1	-0.414701811
6.201	-0.0415	0.8115	1	1	-0.379536798
6.251	-0.0155	1.083	1	1	-0.332896784
6.301	0.0075	1.449	1	1	-0.27031927
6.351	0.029	1.9965	1	1	-0.184904257
6.401	0.0455	2.688	1	1	-0.068514243
6.451	0.064	3.0735	1	1	0.07480077
6.501	0.0885	3.072	1	1	0.227715784
6.551	0.1265	3.0735	1	1	0.380630797
6.601	0.155	0.348	1	1	0.465445811
6.651	0.139	-0.315	1	1	0.465548324
6.701	0.111	-0.429	1	1	0.446225838
6.751	0.082	-0.549	1	1	0.421053352
6.801	0.055	-0.711	1	1	0.388830865
6.851	0.0285	-0.9315	1	1	0.347045879
6.901	0.0035	-1.239	1	1	0.292060892
6.951	-0.0185	-1.6845	1	1	0.218250906
7.001	-0.0375	-2.328	1	1	0.117215919
7.051	-0.054	-3.0345	1	1	-0.017569067
7.101	-0.0745	-3.069	1	1	-0.170879054
7.151	-0.105	-3.069	1	1	-0.32505154
7.201	-0.1455	-1.5645	1	1	-0.441611526
7.251	-0.1515	0.2025	1	1	-0.476384013
7.301	-0.124	0.3765	1	1	-0.462631499
7.351	-0.096	0.4815	1	1	-0.441903986
7.401	-0.0685	0.6225	1	1	-0.415026472
7.451	-0.0405	0.8175	1	1	-0.379748959
7.501	-0.0155	1.0755	1	1	-0.333146445
7.551	0.0075	1.449	1	1	-0.270756432
7.601	0.0285	1.9845	1	1	-0.185641418
7.651	0.0455	2.688	1	1	-0.069551404
7.701	0.0645	3.0735	1	1	0.073763609
7.751	0.0885	3.0735	1	1	0.226716123
7.801	0.1275	3.0735	1	1	0.379668636
7.851	0.155	0.345	1	1	0.46440865
7.901	0.139	-0.3165	1	1	0.464398663
7.951	0.111	-0.429	1	1	0.445038677
8.001	0.0825	-0.549	1	1	0.41986619
8.051	0.055	-0.711	1	1	0.387643704
8.101	0.0285	-0.9315	1	1	0.345858718
8.151	0.0035	-1.2405	1	1	0.290836231
8.201	-0.0185	-1.683	1	1	0.217026245
8.251	-0.037	-2.3145	1	1	0.116366258
8.301	-0.0545	-3.048	1	1	-0.018418728
8.351	-0.0745	-3.0675	1	1	-0.172028715
8.401	-0.105	-3.069	1	1	-0.326163701
8.451	-0.146	-1.503	1	1	-0.441186188
8.501	-0.1515	0.2025	1	1	-0.474421174
8.551	-0.1245	0.375	1	1	-0.46070616
8.601	-0.096	0.4815	1	1	-0.440016147
8.651	-0.0685	0.6225	1	1	-0.413138633
8.701	-0.0415	0.813	1	1	-0.37797362
8.752	-0.015	1.0845	1	1	-0.330324306
8.801	0.008	1.4595	1	1	-0.268704343
8.851	0.0285	1.983	1	1	-0.183364329
8.901	0.0455	2.688	1	1	-0.067311816
8.951	0.064	3.072	1	1	0.075965698
9.001	0.0895	3.0735	1	1	0.228880712
9.051	0.1265	3.072	1	1	0.381795725
9.101	0.155	0.3435	1	1	0.466460739
9.151	0.139	-0.3165	1	1	0.466413252
9.201	0.11	-0.429	1	1	0.447053266
9.251	0.0825	-0.549	1	1	0.421880779
9.301	0.055	-0.711	1	1	0.389658293
9.351	0.028	-0.936	1	1	0.347760806
9.401	0.0035	-1.2405	1	1	0.29262582
9.451	-0.018	-1.6845	1	1	0.218778334
9.501	-0.0375	-2.3295	1	1	0.117705847
9.551	-0.0545	-3.048	1	1	-0.017454139
9.601	-0.0755	-3.069	1	1	-0.171101626
9.651	-0.1055	-3.069	1	1	-0.325274112
9.701	-0.1455	-1.5615	1	1	-0.441759099
9.751	-0.151	0.219	1	1	-0.476044085
9.801	-0.1245	0.3735	1	1	-0.461954072
9.851	-0.096	0.4815	1	1	-0.441301558
9.901	-0.0675	0.6255	1	1	-0.414349044
9.951	-0.041	0.8175	1	1	-0.378996531
10.001	-0.0155	1.077	1	1	-0.332356517
10.051	0.0075	1.449	1	1	-0.269929004
10.101	0.029	1.998	1	1	-0.18447649
10.151	0.0455	2.7045	1	1	-0.067636477
10.201	0.064	3.0735	1	1	0.076091037
10.25	0.0895	3.0735	1	1	0.2259845
10.301	0.1265	3.0735	1	1	0.381996064
10.35	0.155	0.3045	1	1	0.464049027
10.401	0.1385	-0.321	1	1	0.462891341
10.45	0.11	-0.4305	1	1	0.443771554
10.5	0.0825	-0.5505	1	1	0.418524068
10.551	0.0545	-0.7125	1	1	0.385580632
10.6	0.0285	-0.933	1	1	0.344557845
10.65	0.0035	-1.2405	1	1	0.289497859
10.7	-0.0185	-1.6845	1	1	0.215650372
10.75	-0.037	-2.316	1	1	0.114915386
10.801	-0.054	-3.036	1	1	-0.02229755
10.85	-0.0745	-3.069	1	1	-0.172578087
10.9	-0.105	-3.069	1	1	-0.326750574
10.951	-0.1455	-1.56	1	1	-0.44552701
11	-0.1515	0.2025	1	1	-0.479493796
11.051	-0.1245	0.3735	1	1	-0.465542733
11.1	-0.096	0.4815	1	1	-0.445303269
11.15	-0.0685	0.6225	1	1	-0.418425756
11.2	-0.0415	0.8115	1	1	-0.383298242
11.251	-0.0155	1.0755	1	1	-0.335916678
11.3	0.0075	1.449	1	1	-0.274774465
11.351	0.0285	1.983	1	1	-0.187995401
11.4	0.046	2.6865	1	1	-0.074300688
11.45	0.064	3.0735	1	1	0.068976825
11.5	0.0885	3.0735	1	1	0.221929339
11.55	0.1265	3.072	1	1	0.374844353
11.6	0.155	0.339	1	1	0.459396866
11.65	0.139	-0.3165	1	1	0.45923688
11.7	0.1105	-0.429	1	1	0.439876893
11.75	0.0825	-0.5535	1	1	0.414591907
11.8	0.055	-0.711	1	1	0.38225692
11.85	0.0285	-0.933	1	1	0.340434434
11.9	0.0035	-1.2465	1	1	0.285224447
11.95	-0.0185	-1.686	1	1	0.211189461
12	-0.037	-2.316	1	1	0.110416975
12.05	-0.054	-3.036	1	1	-0.024105512
12.1	-0.075	-3.069	1	1	-0.177452998
12.15	-0.105	-3.069	1	1	-0.331625485
12.2	-0.1455	-1.557	1	1	-0.447997971
12.25	-0.1515	0.2025	1	1	-0.482582958
12.3	-0.1245	0.372	1	1	-0.468942944
12.35	-0.096	0.48	1	1	-0.448365431
12.4	-0.068	0.627	1	1	-0.421412917
12.45	-0.0415	0.8115	1	1	-0.386172903
12.5	-0.015	1.083	1	1	-0.33953289
12.55	0.0075	1.4595	1	1	-0.276692876
12.6	0.0285	1.983	1	1	-0.191352863
12.65	0.0455	2.6865	1	1	-0.075337849
12.7	0.064	3.0735	1	1	0.067939664
12.75	0.0885	3.0735	1	1	0.220892178
12.801	0.1275	3.072	1	1	0.376865492
12.85	0.155	0.3375	1	1	0.459690205
12.9	0.139	-0.318	1	1	0.459455219
12.95	0.1105	-0.4305	1	1	0.440020232
13	0.0825	-0.5505	1	1	0.414772746
13.051	0.0545	-0.7125	1	1	0.38182931
13.1	0.0285	-0.933	1	1	0.340806523
13.15	0.0035	-1.242	1	1	0.285709036
13.2	-0.0185	-1.686	1	1	0.21178655
13.25	-0.0375	-2.3295	1	1	0.110676563
13.3	-0.054	-3.036	1	1	-0.024183423
13.35	-0.075	-3.069	1	1	-0.177530909
13.4	-0.105	-3.069	1	1	-0.331703396
13.45	-0.1455	-1.5555	1	1	-0.448038382
13.5	-0.1515	0.204	1	1	-0.482548369
13.55	-0.1245	0.3735	1	1	-0.468833355
13.6	-0.0955	0.486	1	1	-0.448068342
13.65	-0.0685	0.627	1	1	-0.420965828
13.7	-0.041	0.8175	1	1	-0.385575815
13.75	-0.0155	1.0755	1	1	-0.338973301
13.8	0.008	1.449	1	1	-0.276583287
13.85	0.0285	1.983	1	1	-0.191505774
13.9	0.046	2.6865	1	1	-0.07549076
13.95	0.064	3.0735	1	1	0.067786753
14	0.089	3.0735	1	1	0.220739267
14.05	0.1265	3.072	1	1	0.37365428
14.1	0.155	0.336	1	1	0.458131794
14.15	0.139	-0.318	1	1	0.457859307
14.2	0.1105	-0.429	1	1	0.438461821
14.25	0.0825	-0.5505	1	1	0.413251835
14.3	0.055	-0.711	1	1	0.380991848
14.35	0.0285	-0.933	1	1	0.339169362
14.4	0.0035	-1.242	1	1	0.284071875
14.45	-0.018	-1.686	1	1	0.210149389
14.5	-0.037	-2.316	1	1	0.109376902
14.55	-0.054	-3.0375	1	1	-0.025183084
14.6	-0.0745	-3.069	1	1	-0.178568071
14.65	-0.105	-3.069	1	1	-0.332740557
14.7	-0.1455	-1.554	1	1	-0.449038043
14.75	-0.1515	0.204	1	1	-0.48351053
14.8	-0.1245	0.3735	1	1	-0.469795516
14.85	-0.096	0.48	1	1	-0.449180503
14.9	-0.0685	0.621	1	1	-0.422377989
14.95	-0.0415	0.8115	1	1	-0.387287976
15	-0.0155	1.0755	1	1	-0.340835462
15.05	0.008	1.449	1	1	-0.278445449
15.1	0.0285	1.983	1	1	-0.193367935
15.15	0.0455	2.688	1	1	-0.077315421
15.2	0.064	3.0735	1	1	0.065999592
15.25	0.089	3.0735	1	1	0.218952106
15.3	0.1265	3.0735	1	1	0.371904619
15.35	0.155	0.3345	1	1	0.456382133
15.4	0.139	-0.318	1	1	0.456072146
15.45	0.1105	-0.4305	1	1	0.43663716
15.5	0.0825	-0.5505	1	1	0.411389673
15.55	0.055	-0.7125	1	1	0.379092187
15.6	0.0285	-0.936	1	1	0.337157201
15.65	0.0035	-1.242	1	1	0.281984714
15.7	-0.0185	-1.686	1	1	0.208062228
15.75	-0.0375	-2.3175	1	1	0.107252241
15.8	-0.054	-3.0375	1	1	-0.027345245
15.85	-0.075	-3.069	1	1	-0.180730232
15.9	-0.105	-3.069	1	1	-0.334902718
15.95	-0.1455	-1.5525	1	1	-0.451162705
16	-0.1515	0.2025	1	1	-0.485635191
16.05	-0.1245	0.3735	1	1	-0.471957677
16.1	-0.096	0.48	1	1	-0.451342664
16.15	-0.0685	0.621	1	1	-0.42454015
16.2	-0.0415	0.81	1	1	-0.389487637
16.25	-0.0155	1.0755	1	1	-0.343072623
16.3	0.0075	1.4685	1	1	-0.28019511
16.351	0.029	1.9995	1	1	-0.192498046
16.4	0.0455	2.6865	1	1	-0.078399083
16.45	0.064	3.072	1	1	0.064840931
16.5	0.089	3.0735	1	1	0.217755945
16.55	0.1265	3.0735	1	1	0.370708458
16.6	0.155	0.3345	1	1	0.455185972
16.65	0.139	-0.3195	1	1	0.454838485
16.701	0.11	-0.432	1	1	0.434938299
16.751	0.082	-0.552	1	1	0.409615813
16.8	0.055	-0.711	1	1	0.377964276
16.85	0.0285	-0.933	1	1	0.336141789
16.9	0.0035	-1.242	1	1	0.281044303
16.95	-0.0185	-1.6875	1	1	0.207084317
17	-0.037	-2.3175	1	1	0.10623683
17.05	-0.054	-3.0375	1	1	-0.028360656
17.1	-0.0745	-3.069	1	1	-0.181745643
17.15	-0.105	-3.069	1	1	-0.335918129
17.2	-0.146	-1.491	1	1	-0.450640616
17.251	-0.1505	0.2205	1	1	-0.483775302
17.301	-0.124	0.378	1	1	-0.469535288
17.351	-0.0955	0.486	1	1	-0.448657775
17.401	-0.067	0.6315	1	1	-0.421442761
17.451	-0.0405	0.8175	1	1	-0.385940248
17.501	-0.015	1.083	1	1	-0.339150234
17.551	0.008	1.4595	1	1	-0.27631022
17.601	0.029	2.0115	1	1	-0.190257707
17.651	0.046	2.706	1	1	-0.073042693
17.701	0.0645	3.0735	1	1	0.07072232
17.751	0.0895	3.0735	1	1	0.223674834
17.8	0.1275	3.0735	1	1	0.373568297
17.85	0.155	0.333	1	1	0.458008311
17.9	0.139	-0.3195	1	1	0.457623324
17.951	0.11	-0.4305	1	1	0.437761388
18.001	0.082	-0.552	1	1	0.412476402
18.051	0.0545	-0.714	1	1	0.380103915
18.101	0.028	-0.936	1	1	0.338131429
18.15	0.0035	-1.242	1	1	0.284062392
18.201	-0.019	-1.695	1	1	0.208431956
18.251	-0.0375	-2.331	1	1	0.107059469
18.301	-0.0545	-3.0495	1	1	-0.028175517
18.35	-0.075	-3.069	1	1	-0.178786804
18.401	-0.1055	-3.069	1	1	-0.33604274
18.451	-0.146	-1.488	1	1	-0.450690226
18.5	-0.1515	0.204	1	1	-0.482856263
18.551	-0.124	0.378	1	1	-0.468752199
18.6	-0.096	0.4815	1	1	-0.448402486
18.651	-0.0675	0.627	1	1	-0.420872672
18.7	-0.0415	0.81	1	1	-0.386374209
18.751	-0.015	1.083	1	1	-0.338839645
18.801	0.008	1.4595	1	1	-0.275999632
18.851	0.029	1.998	1	1	-0.190284618
18.901	0.046	2.7045	1	1	-0.073444604
18.951	0.0645	3.0735	1	1	0.070282909
19.001	0.0895	3.0735	1	1	0.223235423
19.051	0.1275	3.0735	1	1	0.376187936
19.101	0.155	0.297	1	1	0.45972795
19.151	0.1385	-0.321	1	1	0.458405463
19.201	0.11	-0.432	1	1	0.438857977
19.251	0.082	-0.5535	1	1	0.41349799
19.301	0.0545	-0.714	1	1	0.381088004
19.351	0.028	-0.9375	1	1	0.339078017
19.401	0.003	-1.2465	1	1	0.283755531
19.451	-0.019	-1.695	1	1	0.209495545
19.501	-0.0375	-2.331	1	1	0.108123058
19.551	-0.0545	-3.0495	1	1	-0.027111928
19.601	-0.0755	-3.069	1	1	-0.180796915
19.651	-0.1055	-3.069	1	1	-0.334969401
19.7	-0.1455	-1.5495	1	1	-0.448830688
19.751	-0.151	0.2115	1	1	-0.483686624
19.801	-0.124	0.3765	1	1	-0.469709111
19.851	-0.0955	0.486	1	1	-0.448869097
19.901	-0.0675	0.627	1	1	-0.421766583
19.951	-0.041	0.8175	1	1	-0.38637657
20.001	-0.015	1.083	1	1	-0.339586556
20.051	0.0085	1.458	1	1	-0.276784043
20.101	0.029	1.998	1	1	-0.191106529
20.151	0.046	2.7045	1	1	-0.074266516
20.201	0.0645	3.072	1	1	0.069423498
20.251	0.0895	3.0735	1	1	0.222338511
20.301	0.1275	3.0735	1	1	0.375291025
20.351	0.155	0.297	1	1	0.458831039
20.401	0.1385	-0.321	1	1	0.457508552
20.451	0.11	-0.432	1	1	0.437961066
20.501	0.082	-0.5535	1	1	0.412601079
20.551	0.0545	-0.714	1	1	0.380191093
20.601	0.028	-0.9375	1	1	0.338181106
20.651	0.003	-1.254	1	1	0.28267112
20.701	-0.019	-1.695	1	1	0.208223633
20.751	-0.038	-2.346	1	1	0.106476147
20.801	-0.055	-3.06	1	1	-0.029396339
20.851	-0.0755	-3.069	1	1	-0.183343826
20.901	-0.1055	-3.069	1	1	-0.337516312
20.951	-0.146	-1.4865	1	1	-0.452126299
21.001	-0.151	0.2115	1	1	-0.484723785
21.051	-0.1235	0.3795	1	1	-0.470671272
21.101	-0.0955	0.4875	1	1	-0.449718758
21.151	-0.0675	0.627	1	1	-0.422578745
21.201	-0.0405	0.819	1	1	-0.387151231
21.251	-0.015	1.0815	1	1	-0.340361217
21.301	0.008	1.458	1	1	-0.277596204
21.351	0.029	1.9995	1	1	-0.19188119
21.401	0.046	2.7045	1	1	-0.075003677
21.451	0.0645	3.072	1	1	0.068686337
21.501	0.0895	3.0735	1	1	0.22160135
21.551	0.1275	3.0735	1	1	0.374553864
21.601	0.155	0.294	1	1	0.458018877
21.651	0.1385	-0.321	1	1	0.456621391
21.701	0.1095	-0.4305	1	1	0.437111405
21.751	0.082	-0.5535	1	1	0.411788918
21.801	0.0545	-0.714	1	1	0.379378932
21.851	0.0275	-0.9405	1	1	0.337293945
21.901	0.003	-1.248	1	1	0.281858959
21.951	-0.019	-1.695	1	1	0.207561472
22.001	-0.038	-2.346	1	1	0.105813986
22.051	-0.0545	-3.051	1	1	-0.029833501
22.101	-0.0755	-3.069	1	1	-0.183555987
22.151	-0.106	-3.069	1	1	-0.337728473
22.201	-0.1465	-1.485	1	1	-0.45230096
22.251	-0.151	0.213	1	1	-0.484823446
22.301	-0.124	0.3765	1	1	-0.470808433
22.351	-0.0955	0.4845	1	1	-0.450005919
22.401	-0.0675	0.627	1	1	-0.422940906
22.451	-0.0405	0.8175	1	1	-0.387550892
22.501	-0.0145	1.0905	1	1	-0.340573379
22.551	0.0085	1.458	1	1	-0.277583365
22.601	0.029	1.998	1	1	-0.191905851
22.651	0.046	2.7045	1	1	-0.075065838
22.701	0.0645	3.0735	1	1	0.068661676
22.751	0.0895	3.072	1	1	0.221576689
22.801	0.1285	3.0735	1	1	0.374491703
22.851	0.155	0.2955	1	1	0.457994216
22.901	0.1385	-0.321	1	1	0.45663423
22.951	0.11	-0.432	1	1	0.437086743
23.001	0.0815	-0.555	1	1	0.411689257
23.051	0.0545	-0.7155	1	1	0.379204271
23.101	0.028	-0.9375	1	1	0.337156784
23.151	0.003	-1.248	1	1	0.281796798
23.201	-0.019	-1.7055	1	1	0.207236811
23.251	-0.0375	-2.3325	1	1	0.105564325
23.301	-0.0545	-3.051	1	1	-0.029745662
23.351	-0.0755	-3.0675	1	1	-0.183430648
23.401	-0.106	-3.069	1	1	-0.337565635
23.451	-0.1465	-1.485	1	1	-0.452138121
23.501	-0.151	0.2115	1	1	-0.484698107
23.551	-0.124	0.3765	1	1	-0.470720594
23.601	-0.095	0.4875	1	1	-0.44984308
23.651	-0.0675	0.627	1	1	-0.422703067
23.7	-0.0405	0.819	1	1	-0.387984103
23.751	-0.015	1.083	1	1	-0.34022004
23.801	0.008	1.458	1	1	-0.277417526
23.85	0.029	1.998	1	1	-0.193453563
23.9	0.046	2.7195	1	1	-0.076238549
23.95	0.0645	3.0735	1	1	0.067863964
24.001	0.0895	3.0735	1	1	0.223875528
24.05	0.128	3.0735	1	1	0.373768991
24.1	0.155	0.2925	1	1	0.457196505
24.151	0.1385	-0.321	1	1	0.455732819
24.201	0.11	-0.432	1	1	0.436185332
24.25	0.082	-0.5535	1	1	0.411332546
24.3	0.0545	-0.7155	1	1	0.378885059
24.351	0.028	-0.939	1	1	0.335958373
24.4	0.003	-1.248	1	1	0.281668836
24.45	-0.019	-1.6965	1	1	0.20733385
24.5	-0.0375	-2.3325	1	1	0.105886363
24.55	-0.0545	-3.051	1	1	-0.029423623
24.6	-0.075	-3.069	1	1	-0.183146109
24.65	-0.106	-3.069	1	1	-0.337318596
24.7	-0.1465	-1.4835	1	1	-0.451853582
24.75	-0.151	0.2115	1	1	-0.484376069
24.8	-0.124	0.375	1	1	-0.470436055
24.85	-0.0955	0.4845	1	1	-0.449671042
24.9	-0.0675	0.6255	1	1	-0.422643528
24.95	-0.0405	0.8175	1	1	-0.387291015
25	-0.015	1.0815	1	1	-0.340538501
25.05	0.0085	1.458	1	1	-0.277773487
25.1	0.029	1.9965	1	1	-0.192133474
25.15	0.046	2.7195	1	1	-0.07495596
25.2	0.0645	3.072	1	1	0.069109053
25.25	0.0895	3.0735	1	1	0.222024067
25.301	0.1285	3.0735	1	1	0.378035631
25.351	0.155	0.258	1	1	0.460600644
25.4	0.1385	-0.3225	1	1	0.458312357
25.45	0.11	-0.4335	1	1	0.438689871
25.5	0.0815	-0.5535	1	1	0.413292385
25.55	0.0545	-0.7155	1	1	0.380844898
25.6	0.028	-0.939	1	1	0.338759912
25.65	0.003	-1.2495	1	1	0.283324925
25.7	-0.019	-1.6965	1	1	0.208952439
25.75	-0.0375	-2.3325	1	1	0.107504952
25.8	-0.0545	-3.063	1	1	-0.028105034
25.85	-0.075	-3.069	1	1	-0.182127521
25.9	-0.1065	-3.069	1	1	-0.336300007
25.95	-0.1465	-1.4835	1	1	-0.450834993
26	-0.151	0.2115	1	1	-0.48335748
26.05	-0.124	0.375	1	1	-0.469417466
26.1	-0.0955	0.483	1	1	-0.448689953
26.15	-0.0675	0.6255	1	1	-0.421699939
26.2	-0.0405	0.8175	1	1	-0.386347426
26.25	-0.015	1.0815	1	1	-0.339594912
26.3	0.008	1.458	1	1	-0.276829899
26.35	0.029	1.9965	1	1	-0.191189885
26.4	0.046	2.703	1	1	-0.074424871
26.45	0.0645	3.0735	1	1	0.069265142
26.5	0.09	3.0735	1	1	0.222217656
26.55	0.1275	3.0735	1	1	0.375170169
26.6	0.155	0.291	1	1	0.458560183
26.65	0.1385	-0.3225	1	1	0.457050196
26.7	0.11	-0.4335	1	1	0.43742771
26.75	0.082	-0.5535	1	1	0.412030223
26.8	0.0545	-0.7155	1	1	0.379582737
26.85	0.028	-0.939	1	1	0.337497751
26.9	0.0025	-1.2555	1	1	0.281912764
26.95	-0.019	-1.7055	1	1	0.207165278
27	-0.0375	-2.334	1	1	0.105455291
27.05	-0.0545	-3.0525	1	1	-0.029929695
27.1	-0.0755	-3.069	1	1	-0.183689682
27.15	-0.1065	-3.069	1	1	-0.337862168
27.2	-0.1465	-1.4805	1	1	-0.452322155
27.25	-0.151	0.2115	1	1	-0.484769641
27.3	-0.1235	0.3795	1	1	-0.470717127
27.351	-0.095	0.4875	1	1	-0.449345564
27.4	-0.0675	0.6255	1	1	-0.4227851
27.45	-0.0405	0.8175	1	1	-0.387432587
27.501	-0.0145	1.089	1	1	-0.339553773
27.55	0.0085	1.458	1	1	-0.27786031
27.6	0.029	2.0115	1	1	-0.191845296
27.65	0.046	2.7045	1	1	-0.074667783
27.7	0.0645	3.0735	1	1	0.069059731
27.75	0.0895	3.0735	1	1	0.222012245
27.8	0.128	3.0735	1	1	0.374964758
27.85	0.1555	0.255	1	1	0.457454772
27.9	0.1385	-0.3225	1	1	0.455044785
27.95	0.1095	-0.4335	1	1	0.435422299
28	0.0815	-0.555	1	1	0.409987312
28.05	0.054	-0.7185	1	1	0.377427326
28.1	0.028	-0.939	1	1	0.335267339
28.15	0.003	-1.2495	1	1	0.279832353
28.2	-0.019	-1.707	1	1	0.205197367
28.25	-0.0375	-2.3325	1	1	0.10348738
28.3	-0.0545	-3.051	1	1	-0.031822606
28.35	-0.076	-3.069	1	1	-0.185545093
28.4	-0.106	-3.069	1	1	-0.339717579
28.45	-0.1465	-1.4805	1	1	-0.454177566
28.5	-0.151	0.2115	1	1	-0.486625052
28.55	-0.1235	0.378	1	1	-0.472610039
28.6	-0.095	0.486	1	1	-0.451732525
28.65	-0.0675	0.6255	1	1	-0.424667511
28.7	-0.0405	0.8175	1	1	-0.389314998
28.75	-0.015	1.0815	1	1	-0.342562484
28.8	0.0085	1.4565	1	1	-0.279834971
28.85	0.029	1.9965	1	1	-0.194232457
28.9	0.046	2.703	1	1	-0.077467444
28.95	0.0645	3.0735	1	1	0.06622257
29	0.0895	3.0735	1	1	0.219175083
29.05	0.128	3.0735	1	1	0.372127597
29.1	0.155	0.288	1	1	0.455442611
29.15	0.1385	-0.3225	1	1	0.453857624
29.2	0.1095	-0.435	1	1	0.434197638
29.25	0.082	-0.555	1	1	0.408725151
29.3	0.0545	-0.717	1	1	0.376202665
29.35	0.028	-0.9435	1	1	0.333967678
29.4	0.003	-1.2495	1	1	0.278420192
29.45	-0.019	-1.698	1	1	0.204010205
29.5	-0.0375	-2.334	1	1	0.102487719
29.55	-0.0545	-3.0525	1	1	-0.032897267
29.6	-0.0755	-3.069	1	1	-0.186657254
29.65	-0.106	-3.069	1	1	-0.34082974
29.7	-0.147	-1.419	1	1	-0.453752227
29.75	-0.151	0.2115	1	1	-0.484662213
29.8	-0.124	0.375	1	1	-0.4707222
29.851	-0.095	0.486	1	1	-0.449503636
29.901	-0.067	0.6285	1	1	-0.422363622
29.951	-0.04	0.822	1	1	-0.386823609
30.001	-0.014	1.095	1	1	-0.339621095
30.051	0.0085	1.4685	1	1	-0.276256082
30.101	0.0295	2.0265	1	1	-0.189603568
30.151	0.047	2.736	1	1	-0.071263555
30.201	0.0645	3.0735	1	1	0.073251459
30.251	0.09	3.0735	1	1	0.226203973
30.301	0.1285	3.0735	1	1	0.379156486
30.351	0.1555	0.219	1	1	0.4607465
30.401	0.1375	-0.3255	1	1	0.457361513
30.451	0.1095	-0.435	1	1	0.437626527
30.501	0.0815	-0.5565	1	1	0.41211654
30.551	0.054	-0.7185	1	1	0.379519054
30.601	0.0275	-0.945	1	1	0.337209067
30.651	0.0025	-1.257	1	1	0.281436581
30.701	-0.019	-1.7085	1	1	0.206576595
30.751	-0.038	-2.349	1	1	0.104416608
30.801	-0.055	-3.0675	1	1	-0.031718378
30.851	-0.076	-3.069	1	1	-0.185853365
30.901	-0.1075	-3.069	1	1	-0.340025851
30.951	-0.147	-1.419	1	1	-0.452948338
31.001	-0.15	0.2265	1	1	-0.483483324
31.051	-0.1235	0.378	1	1	-0.469093311
31.101	-0.095	0.486	1	1	-0.448215797
31.151	-0.0665	0.633	1	1	-0.420963283
31.201	-0.0395	0.8265	1	1	-0.38519827
31.251	-0.0145	1.089	1	1	-0.338033256
31.301	0.009	1.4775	1	1	-0.274593243
31.351	0.029	2.01	1	1	-0.188128229
31.401	0.047	2.7345	1	1	-0.070238216
31.451	0.065	3.0735	1	1	0.074239298
31.501	0.0905	3.0735	1	1	0.227191811
31.551	0.1285	3.0735	1	1	0.380144325
31.601	0.1555	0.2505	1	1	0.462521839
31.651	0.1375	-0.3255	1	1	0.459924352
31.701	0.1095	-0.435	1	1	0.440189366
31.751	0.0815	-0.558	1	1	0.414641879
31.801	0.054	-0.72	1	1	0.381969393
31.851	0.0275	-0.945	1	1	0.339621906
31.902	0.002	-1.2645	1	1	0.28254272
31.951	-0.019	-1.71	1	1	0.208959433
32.001	-0.0385	-2.3655	1	1	0.106349447
32.051	-0.055	-3.066	1	1	-0.030160539
32.101	-0.076	-3.069	1	1	-0.184258026
32.151	-0.1065	-3.069	1	1	-0.338430512
32.201	-0.147	-1.419	1	1	-0.451352999
32.251	-0.1505	0.219	1	1	-0.482075485
32.301	-0.123	0.3795	1	1	-0.467835472
32.351	-0.0945	0.4905	1	1	-0.446807958
32.401	-0.067	0.627	1	1	-0.419592945
32.451	-0.04	0.8205	1	1	-0.384127931
32.501	-0.014	1.0935	1	1	-0.337000417
32.551	0.0085	1.467	1	1	-0.273710404
32.601	0.0295	2.0235	1	1	-0.18717039
32.651	0.0465	2.718	1	1	-0.069355377
32.701	0.065	3.0735	1	1	0.074709637
32.751	0.09	3.0735	1	1	0.22766215
32.801	0.1295	3.0555	1	1	0.380164664
32.851	0.1555	0.249	1	1	0.462054677
32.901	0.137	-0.3285	1	1	0.459344691
32.951	0.1095	-0.4365	1	1	0.439497205
33.001	0.081	-0.5595	1	1	0.413874718
33.051	0.054	-0.72	1	1	0.381164732
33.101	0.0275	-0.945	1	1	0.338817245
33.151	0.002	-1.2645	1	1	0.282857259
33.201	-0.019	-1.71	1	1	0.207772272
33.251	-0.038	-2.3505	1	1	0.105537286
33.301	-0.055	-3.069	1	1	-0.030672701
33.351	-0.0755	-3.069	1	1	-0.184845187
33.401	-0.1075	-3.069	1	1	-0.339017673
33.451	-0.1475	-1.359	1	1	-0.45044016
33.501	-0.1505	0.219	1	1	-0.479662646
33.551	-0.1225	0.3795	1	1	-0.465422633
33.601	-0.0945	0.4905	1	1	-0.444395119
33.651	-0.067	0.6285	1	1	-0.417142606
33.701	-0.0395	0.8265	1	1	-0.381490092
33.751	-0.0145	1.0875	1	1	-0.334362579
33.801	0.009	1.467	1	1	-0.271222565
33.851	0.0295	2.0115	1	1	-0.184982551
33.901	0.0465	2.7195	1	1	-0.067430038
33.951	0.065	3.072	1	1	0.076634976
34.001	0.09	3.0735	1	1	0.229549989
34.051	0.1285	3.0735	1	1	0.382502503
34.101	0.1555	0.2175	1	1	0.464055016
34.151	0.137	-0.327	1	1	0.46059503
34.201	0.1095	-0.435	1	1	0.440822543
34.251	0.0815	-0.558	1	1	0.415275057
34.301	0.0535	-0.7245	1	1	0.382490071
34.351	0.0275	-0.9435	1	1	0.340067584
34.401	0.0025	-1.257	1	1	0.284332598
34.451	-0.0195	-1.719	1	1	0.209210111
34.501	-0.038	-2.3505	1	1	0.106750125
34.551	-0.055	-3.069	1	1	-0.029459862
34.601	-0.076	-3.069	1	1	-0.183632348
34.651	-0.1065	-3.069	1	1	-0.337804835
34.701	-0.147	-1.4175	1	1	-0.450689821
34.751	-0.1505	0.219	1	1	-0.481374807
34.801	-0.1225	0.3795	1	1	-0.467134794
34.851	-0.095	0.486	1	1	-0.44621978
34.901	-0.0665	0.6315	1	1	-0.419004767
34.951	-0.04	0.8205	1	1	-0.383427253
35.001	-0.0145	1.089	1	1	-0.33641224
35.051	0.0085	1.467	1	1	-0.273234726
35.101	0.0295	2.0115	1	1	-0.186994713
35.151	0.047	2.733	1	1	-0.069104699
35.201	0.065	3.0735	1	1	0.075335315
35.251	0.09	3.0735	1	1	0.228287828
35.301	0.1285	3.0735	1	1	0.381240342
35.351	0.1555	0.2145	1	1	0.462717855
35.401	0.1375	-0.327	1	1	0.459182869
35.451	0.1095	-0.4365	1	1	0.439372882
35.501	0.0815	-0.558	1	1	0.413787896
35.551	0.054	-0.72	1	1	0.381115409
35.601	0.0275	-0.945	1	1	0.338767923
35.651	0.0025	-1.257	1	1	0.282995437
35.701	-0.0195	-1.719	1	1	0.20787295
35.751	-0.038	-2.3505	1	1	0.105412964
35.801	-0.055	-3.069	1	1	-0.030797023
35.851	-0.0765	-3.069	1	1	-0.184969509
35.901	-0.1065	-3.069	1	1	-0.339141996
35.951	-0.147	-1.416	1	1	-0.451989482
36.001	-0.15	0.225	1	1	-0.482486969
36.051	-0.1235	0.378	1	1	-0.468134455
36.101	-0.095	0.486	1	1	-0.447256941
36.151	-0.0665	0.633	1	1	-0.420004428
36.201	-0.04	0.8205	1	1	-0.384389414
36.251	-0.0145	1.089	1	1	-0.337374401
36.301	0.0085	1.467	1	1	-0.274196887
36.351	0.0295	2.013	1	1	-0.187919374
36.401	0.047	2.733	1	1	-0.06999186
36.451	0.0655	3.0735	1	1	0.074448153
36.501	0.09	3.072	1	1	0.227363167
36.551	0.1295	3.0495	1	1	0.379678181
36.601	0.1555	0.249	1	1	0.461418194
36.651	0.1375	-0.327	1	1	0.458745708
36.701	0.1095	-0.435	1	1	0.438973221
36.751	0.0815	-0.558	1	1	0.413425735
36.801	0.054	-0.72	1	1	0.380753248
36.851	0.0275	-0.9435	1	1	0.338443262
36.9	0.0025	-1.257	1	1	0.283822975
36.95	-0.019	-1.71	1	1	0.208925489
37	-0.038	-2.3505	1	1	0.106690502
37.05	-0.055	-3.066	1	1	-0.029444484
37.1	-0.076	-3.069	1	1	-0.183541971
37.15	-0.1065	-3.069	1	1	-0.337714457
37.2	-0.147	-1.4145	1	1	-0.450524444
37.25	-0.1505	0.2205	1	1	-0.48109693
37.3	-0.1235	0.378	1	1	-0.466856916
37.35	-0.095	0.486	1	1	-0.445979403
37.4	-0.067	0.6285	1	1	-0.418839389
37.45	-0.04	0.822	1	1	-0.383299376
37.5	-0.0145	1.0875	1	1	-0.336284362
37.551	0.0085	1.467	1	1	-0.271881548
37.6	0.0295	2.0115	1	1	-0.187366335
37.65	0.0465	2.7195	1	1	-0.069813822
37.7	0.065	3.0735	1	1	0.074288692
37.75	0.09	3.0735	1	1	0.227241206
37.8	0.1285	3.0735	1	1	0.380193719
37.85	0.1555	0.2475	1	1	0.462496233
37.901	0.137	-0.3285	1	1	0.459693796
37.95	0.1095	-0.435	1	1	0.44028001
38.001	0.0815	-0.558	1	1	0.414221574
38.05	0.054	-0.72	1	1	0.382202537
38.1	0.0275	-0.945	1	1	0.33985505
38.15	0.0025	-1.257	1	1	0.284082564
38.2	-0.0195	-1.7085	1	1	0.209222578
38.25	-0.038	-2.352	1	1	0.106987591
38.3	-0.055	-3.066	1	1	-0.029184895
38.35	-0.076	-3.0675	1	1	-0.183244882
38.4	-0.1065	-3.069	1	1	-0.337379868
38.45	-0.147	-1.413	1	1	-0.450152355
38.5	-0.1505	0.2205	1	1	-0.480687341
38.55	-0.1235	0.378	1	1	-0.466447328
38.6	-0.095	0.486	1	1	-0.445569814
38.65	-0.067	0.63	1	1	-0.4183923
38.7	-0.04	0.822	1	1	-0.382814787
38.75	-0.0145	1.0875	1	1	-0.335799773
38.8	0.0085	1.467	1	1	-0.27265976
38.85	0.0295	2.0115	1	1	-0.186419746
38.9	0.047	2.7345	1	1	-0.068492233
38.95	0.065	3.0735	1	1	0.075985281
39	0.09	3.0735	1	1	0.228937794
39.05	0.129	3.0735	1	1	0.381890308
39.1	0.1555	0.2475	1	1	0.464192822
39.15	0.137	-0.3285	1	1	0.461445335
39.2	0.1095	-0.435	1	1	0.441635349
39.25	0.0815	-0.558	1	1	0.416087862
39.3	0.053	-0.726	1	1	0.383265376
39.35	0.0275	-0.945	1	1	0.340767889
39.4	0.002	-1.2645	1	1	0.284807903
39.45	-0.0195	-1.71	1	1	0.209722916
39.5	-0.038	-2.3655	1	1	0.10711293
39.551	-0.055	-3.069	1	1	-0.032203756
39.6	-0.076	-3.069	1	1	-0.183292793
39.65	-0.1065	-3.0675	1	1	-0.337427779
39.7	-0.1475	-1.3545	1	1	-0.448700266
39.75	-0.15	0.2265	1	1	-0.477622752
39.8	-0.1235	0.378	1	1	-0.463232739
39.85	-0.0945	0.489	1	1	-0.442280225
39.9	-0.067	0.6285	1	1	-0.415065212
39.95	-0.0395	0.8265	1	1	-0.379412698
40	-0.0145	1.089	1	1	-0.332247684
40.05	0.009	1.4775	1	1	-0.268807671
40.1	0.0295	2.0115	1	1	-0.182305157
40.15	0.0465	2.7195	1	1	-0.064752644
40.2	0.065	3.0735	1	1	0.07934987
40.25	0.091	3.0735	1	1	0.232302383
40.3	0.129	3.0735	1	1	0.385254897
40.35	0.1555	0.246	1	1	0.46751991
40.4	0.1375	-0.3255	1	1	0.464809924
40.45	0.1095	-0.4365	1	1	0.445037438
40.5	0.0805	-0.561	1	1	0.419377451
40.55	0.0535	-0.7245	1	1	0.386517465
40.6	0.0275	-0.945	1	1	0.344057478
40.65	0.002	-1.2645	1	1	0.288097492
40.7	-0.0195	-1.7085	1	1	0.213050005
40.75	-0.0385	-2.3655	1	1	0.110477519
40.8	-0.055	-3.069	1	1	-0.026107468
40.85	-0.076	-3.069	1	1	-0.180279954
40.9	-0.1075	-3.069	1	1	-0.33445244
40.95	-0.147	-1.4115	1	1	-0.447187427
41	-0.15	0.2265	1	1	-0.477534913
41.05	-0.123	0.378	1	1	-0.4631449
41.1	-0.095	0.4875	1	1	-0.442229886
41.15	-0.0665	0.6315	1	1	-0.414977373
41.2	-0.04	0.8235	1	1	-0.379324859
41.25	-0.014	1.095	1	1	-0.332084846
41.3	0.009	1.467	1	1	-0.268757332
41.35	0.0295	2.0115	1	1	-0.182517318
41.4	0.0465	2.721	1	1	-0.064927305
41.45	0.065	3.0735	1	1	0.079212709
41.5	0.09	3.0735	1	1	0.232165222
41.55	0.1295	3.0435	1	1	0.384367736
41.6	0.1555	0.2475	1	1	0.465920249
41.65	0.137	-0.3285	1	1	0.463172763
41.701	0.109	-0.4365	1	1	0.442928327
41.75	0.0815	-0.558	1	1	0.41785504
41.8	0.054	-0.7215	1	1	0.385145054
41.85	0.027	-0.951	1	1	0.342610067
41.9	0.0025	-1.257	1	1	0.286687581
41.95	-0.0195	-1.7085	1	1	0.211827594
42	-0.038	-2.352	1	1	0.109592608
42.05	-0.055	-3.066	1	1	-0.026579879
42.101	-0.0765	-3.069	1	1	-0.183759315
42.15	-0.1065	-3.069	1	1	-0.334848352
42.2	-0.1475	-1.353	1	1	-0.446120838
42.25	-0.1505	0.2205	1	1	-0.475155824
42.3	-0.123	0.378	1	1	-0.460915811
42.35	-0.095	0.4875	1	1	-0.440000797
42.4	-0.067	0.63	1	1	-0.412785784
42.45	-0.039	0.8295	1	1	-0.37702077
42.5	-0.0145	1.089	1	1	-0.329780757
42.55	0.009	1.467	1	1	-0.266603243
42.6	0.0295	2.0115	1	1	-0.18036323
42.65	0.0465	2.721	1	1	-0.062773216
42.7	0.065	3.0735	1	1	0.081366798
42.75	0.09	3.0735	1	1	0.234319311
42.8	0.129	3.072	1	1	0.387234325
42.85	0.1555	0.246	1	1	0.469461838
42.9	0.1375	-0.3255	1	1	0.466751852
42.95	0.1095	-0.4335	1	1	0.447054365
43.001	0.0805	-0.5595	1	1	0.420995929
43.051	0.053	-0.726	1	1	0.388135943
43.101	0.027	-0.951	1	1	0.345488456
43.151	0.002	-1.266	1	1	0.28934097
43.2	-0.0195	-1.7085	1	1	0.215757683
43.251	-0.0385	-2.3655	1	1	0.111133747
43.301	-0.055	-3.069	1	1	-0.02545124
43.351	-0.0765	-3.069	1	1	-0.179623726
43.401	-0.1075	-3.069	1	1	-0.333796212
43.451	-0.1475	-1.3515	1	1	-0.445031199
43.501	-0.15	0.2265	1	1	-0.473878685
43.551	-0.1225	0.3795	1	1	-0.459451172
43.601	-0.0945	0.489	1	1	-0.438461158
43.651	-0.066	0.6345	1	1	-0.411096145
43.701	-0.0395	0.828	1	1	-0.375256131
43.751	-0.0135	1.101	1	1	-0.327753618
43.801	0.009	1.4775	1	1	-0.264013604
43.851	0.0295	2.025	1	1	-0.17717359
43.901	0.047	2.736	1	1	-0.058871077
43.951	0.065	3.072	1	1	0.085606437
44.001	0.091	3.0735	1	1	0.23852145
44.051	0.1295	3.0435	1	1	0.390723964
44.101	0.1555	0.2085	1	1	0.471301477
44.151	0.137	-0.3285	1	1	0.467578991
44.201	0.109	-0.4365	1	1	0.447731504
44.251	0.0805	-0.5595	1	1	0.422109018
44.301	0.0535	-0.7245	1	1	0.389286532
44.351	0.027	-0.951	1	1	0.346676545
44.401	0.002	-1.266	1	1	0.290529059
44.451	-0.02	-1.7205	1	1	0.215144072
44.501	-0.0385	-2.367	1	1	0.112234086
44.551	-0.055	-3.069	1	1	-0.024388401
44.601	-0.0765	-3.069	1	1	-0.178560887
44.651	-0.1075	-3.069	1	1	-0.332733374
44.702	-0.148	-1.2945	1	1	-0.44473956
44.751	-0.15	0.2265	1	1	-0.471613596
44.801	-0.1225	0.3795	1	1	-0.457186083
44.851	-0.0945	0.489	1	1	-0.436196069
44.901	-0.0665	0.633	1	1	-0.408868556
44.951	-0.0395	0.831	1	1	-0.372991042
45.001	-0.014	1.0965	1	1	-0.325526029
45.051	0.009	1.4775	1	1	-0.261898515
45.101	0.0295	2.025	1	1	-0.175058502
45.152	0.047	2.748	1	1	-0.054083938
45.201	0.0655	3.0735	1	1	0.087834776
45.251	0.091	3.0735	1	1	0.240787289
45.301	0.1295	3.0405	1	1	0.392914803
45.351	0.1555	0.1755	1	1	0.472592316
45.401	0.137	-0.3285	1	1	0.46804483
45.451	0.1085	-0.4395	1	1	0.448122343
45.501	0.0805	-0.5595	1	1	0.422424857
45.551	0.053	-0.7245	1	1	0.38960237
45.601	0.027	-0.951	1	1	0.346992384
45.651	0.002	-1.266	1	1	0.290844898
45.701	-0.0195	-1.7205	1	1	0.215459911
45.751	-0.0385	-2.3835	1	1	0.112137425
45.801	-0.055	-3.069	1	1	-0.024897562
45.851	-0.0765	-3.069	1	1	-0.179070048
45.901	-0.1075	-3.069	1	1	-0.333242535
45.951	-0.148	-1.2945	1	1	-0.443052521
46.001	-0.15	0.2265	1	1	-0.470475008
