@type xy
#  fi, dN/dfi integrated over eta&pt
# etamn,etamx,neta,nseta=    0.0000    1.0000   21    0.0000
# fimin, dfi, nfi, nsfi=    0.0000    0.1000   21    0.0000
 -2.  0.00104145025
 -1.9  0.00125584263
 -1.8  0.00153411718
 -1.7  0.00189701753
 -1.6  0.00237239298
 -1.5  0.0029974976
 -1.4  0.00382184392
 -1.3  0.00491055387
 -1.2  0.00634792481
 -1.1  0.00824049481
 -1.  0.0107181242
 -0.9  0.0139303834
 -0.8  0.0180338077
 -0.7  0.0231636676
 -0.6  0.0293830181
 -0.5  0.0366048799
 -0.4  0.0444955677
 -0.3  0.0523933423
 -0.2  0.0593116003
 -0.1  0.0641077523
  0.  0.0658311823
  0.1  0.0641077523
  0.2  0.0593116003
  0.3  0.0523933423
  0.4  0.0444955677
  0.5  0.0366048799
  0.6  0.0293830181
  0.7  0.0231636676
  0.8  0.0180338077
  0.9  0.0139303834
  1.  0.0107181242
  1.1  0.00824049481
  1.2  0.00634792481
  1.3  0.00491055387
  1.4  0.00382184392
  1.5  0.0029974976
  1.6  0.00237239298
  1.7  0.00189701753
  1.8  0.00153411718
  1.9  0.00125584263
  2.  0.00104145025
&
 -2.  3.62556019E-21
 -1.9  3.01803915E-19
 -1.8  2.0026043E-17
 -1.7  1.05921945E-15
 -1.6  4.46577947E-14
 -1.5  1.50082179E-12
 -1.4  4.0205133E-11
 -1.3  8.58527888E-10
 -1.2  1.46132844E-08
 -1.1  1.98272184E-07
 -1.  2.14435296E-06
 -0.9  1.84863546E-05
 -0.8  0.000127036
 -0.7  0.000695861595
 -0.6  0.00303836155
 -0.5  0.0105749071
 -0.4  0.0293382493
 -0.3  0.0648802262
 -0.2  0.114369716
 -0.1  0.16070532
  0.  0.179998958
  0.1  0.16070532
  0.2  0.114369716
  0.3  0.0648802262
  0.4  0.0293382493
  0.5  0.0105749071
  0.6  0.00303836155
  0.7  0.000695861595
  0.8  0.000127036
  0.9  1.84863546E-05
  1.  2.14435296E-06
  1.1  1.98272184E-07
  1.2  1.46132844E-08
  1.3  8.58527888E-10
  1.4  4.0205133E-11
  1.5  1.50082179E-12
  1.6  4.46577947E-14
  1.7  1.05921945E-15
  1.8  2.0026043E-17
  1.9  3.01803915E-19
  2.  3.62556019E-21
&
 -2.  0.00104145025
 -1.9  0.00125584263
 -1.8  0.00153411718
 -1.7  0.00189701753
 -1.6  0.00237239298
 -1.5  0.0029974976
 -1.4  0.00382184396
 -1.3  0.00491055472
 -1.2  0.00634793943
 -1.1  0.00824069308
 -1.  0.0107202686
 -0.9  0.0139488698
 -0.8  0.0181608437
 -0.7  0.0238595291
 -0.6  0.0324213797
 -0.5  0.047179787
 -0.4  0.073833817
 -0.3  0.117273568
 -0.2  0.173681316
 -0.1  0.224813072
  0.  0.24583014
  0.1  0.224813072
  0.2  0.173681316
  0.3  0.117273568
  0.4  0.073833817
  0.5  0.047179787
  0.6  0.0324213797
  0.7  0.0238595291
  0.8  0.0181608437
  0.9  0.0139488698
  1.  0.0107202686
  1.1  0.00824069308
  1.2  0.00634793943
  1.3  0.00491055472
  1.4  0.00382184396
  1.5  0.0029974976
  1.6  0.00237239298
  1.7  0.00189701753
  1.8  0.00153411718
  1.9  0.00125584263
  2.  0.00104145025
&
