@type xy
#  pt, dN/ptdpt(pt) integrated over fi&eta
  0.2  0.0528144251
  0.3  0.103403305
  0.4  0.179297363
  0.5  0.290115537
  0.6  0.446802641
  0.7  0.651872365
  0.8  0.85829855
  0.9  0.986319385
  1.  1.00343818
  1.1  0.909077871
  1.2  0.74703528
  1.3  0.583790144
  1.4  0.447203915
  1.5  0.339842011
  1.6  0.257523638
  1.7  0.195106924
  1.8  0.148007511
  1.9  0.112515595
  2.  0.0857541544
  2.1  0.0655394329
  2.2  0.0502321374
  2.3  0.0386080878
  2.4  0.0297546433
  2.5  0.0229910965
  2.6  0.0178088144
  2.7  0.0138267517
  2.8  0.0107585767
  2.9  0.0083884257
  3.  0.00655301736
  3.1  0.0051284347
  3.2  0.00402033128
  3.3  0.00315665126
  3.4  0.0024821995
  3.5  0.00195457707
  3.6  0.0015411277
  3.7  0.00121663581
  3.8  0.000961585001
  3.9  0.000760836248
  4.  0.000602621479
  4.1  0.000477774922
  4.2  0.000379144416
&
#  pt, dN/dpt(pt) integrated over fi&eta
  0.2  0.010562885
  0.3  0.0310209916
  0.4  0.071718945
  0.5  0.145057768
  0.6  0.268081585
  0.7  0.456310656
  0.8  0.68663884
  0.9  0.887687446
  1.  1.00343818
  1.1  0.999985658
  1.2  0.896442335
  1.3  0.758927188
  1.4  0.626085481
  1.5  0.509763017
  1.6  0.412037821
  1.7  0.33168177
  1.8  0.26641352
  1.9  0.21377963
  2.  0.171508309
  2.1  0.137632809
  2.2  0.110510702
  2.3  0.0887986018
  2.4  0.071411144
  2.5  0.0574777414
  2.6  0.0463029174
  2.7  0.0373322296
  2.8  0.0301240148
  2.9  0.0243264345
  3.  0.0196590521
  3.1  0.0158981476
  3.2  0.0128650601
  3.3  0.0104169491
  3.4  0.00843947831
  3.5  0.00684101975
  3.6  0.00554805974
  3.7  0.00450155251
  3.8  0.003654023
  3.9  0.00296726137
  4.  0.00241048592
  4.1  0.00195887718
  4.2  0.00159240655
&
#  pt, dN/ptdpt(pt) of jet
  0.2  1.57271281
  0.3  1.34279263
  0.4  1.13444681
  0.5  0.953726703
  0.6  0.799686334
  0.7  0.669479017
  0.8  0.559913241
  0.9  0.467962791
  1.  0.390926095
  1.1  0.326457178
  1.2  0.272548228
  1.3  0.22749515
  1.4  0.189859041
  1.5  0.158428962
  1.6  0.132188115
  1.7  0.11028406
  1.8  0.0920029578
  1.9  0.0767475384
  2.  0.0640183796
  2.1  0.0533980807
  2.2  0.044537925
  2.3  0.0371466655
  2.4  0.030981113
  2.5  0.0258382467
  2.6  0.0215486065
  2.7  0.0179707648
  2.8  0.0149867025
  2.9  0.0124979442
  3.  0.0104223282
  3.1  0.00869130894
  3.2  0.00724770397
  3.3  0.00604381262
  3.4  0.00503984566
  3.5  0.00420261447
  3.6  0.00350443705
  3.7  0.00292222506
  3.8  0.00243672214
  3.9  0.00203186823
  4.  0.00169426939
  4.1  0.00141275539
  4.2  0.00117801071
&
#  pt,dN/ptdpt(pt), jet+ridge integ  fi&eta+jetdN/ptdpt
  0.2  1.62552724
  0.3  1.44619594
  0.4  1.31374418
  0.5  1.24384224
  0.6  1.24648898
  0.7  1.32135138
  0.8  1.41821179
  0.9  1.45428218
  1.  1.39436428
  1.1  1.23553505
  1.2  1.01958351
  1.3  0.811285294
  1.4  0.637062956
  1.5  0.498270974
  1.6  0.389711754
  1.7  0.305390984
  1.8  0.240010469
  1.9  0.189263133
  2.  0.149772534
  2.1  0.118937514
  2.2  0.0947700624
  2.3  0.0757547532
  2.4  0.0607357564
  2.5  0.0488293432
  2.6  0.0393574208
  2.7  0.0317975165
  2.8  0.0257452792
  2.9  0.0208863699
  3.  0.0169753455
  3.1  0.0138197436
  3.2  0.0112680353
  3.3  0.00920046388
  3.4  0.00752204517
  3.5  0.00615719155
  3.6  0.00504556475
  3.7  0.00413886088
  3.8  0.00339830714
  3.9  0.00279270448
  4.  0.00229689087
  4.1  0.00189053032
  4.2  0.00155715513
&
#  pt, dNdpt(pt) init formla noramled to first pt pt
  0.2  0.010562885
  0.3  0.012819122
  0.4  0.0135225823
  0.5  0.0131993958
  0.6  0.012272837
  0.7  0.0110463873
  0.8  0.00971996294
  0.9  0.00841525621
  1.  0.00719972002
  1.1  0.00610550298
  1.2  0.00514300177
  1.3  0.00430997748
  1.4  0.00359742113
  1.5  0.00299318968
  1.6  0.00248417549
  1.7  0.00205753947
  1.8  0.00170136097
  1.9  0.00140493331
  2.  0.00115885042
  2.1  0.000954975726
  2.2  0.000786349363
  2.3  0.000647067605
  2.4  0.000532154436
  2.5  0.000437436475
  2.6  0.000359427137
  2.7  0.000295222672
  2.8  0.000242410813
  2.9  0.000198991699
  3.  0.000163310178
  3.1  0.00013399831
  3.2  0.000109926864
  3.3  9.01645824E-05
  3.4  7.39441213E-05
  3.5  6.06336535E-05
  3.6  4.97132561E-05
  3.7  4.07553184E-05
  3.8  3.3408314E-05
  3.9  2.73833792E-05
  4.  2.24432264E-05
  4.1  1.8392995E-05
  4.2  1.50727091E-05
&
