@type xy
#  fi, dN/dfi integrated over eta&pt
# etamn,etamx,neta,nseta=    2.7000    3.9000   21    0.0000
# fimin, dfi, nfi, nsfi=    0.0000    0.0500   41    0.0000
 -2.  0.0168477958
 -1.95  0.0178087355
 -1.9  0.0188682327
 -1.85  0.0200369858
 -1.8  0.0213270457
 -1.75  0.0227519895
 -1.7  0.0243271167
 -1.65  0.0260696697
 -1.6  0.0279990795
 -1.55  0.0301372399
 -1.5  0.0325088102
 -1.45  0.0351415478
 -1.4  0.0380666688
 -1.35  0.041319234
 -1.3  0.0449385555
 -1.25  0.0489686116
 -1.2  0.0534584564
 -1.15  0.0584625975
 -1.1  0.0640413079
 -1.05  0.0702608192
 -1.  0.0771933244
 -0.95  0.0849166907
 -0.9  0.0935137457
 -0.85  0.103070956
 -0.8  0.113676257
 -0.75  0.125415734
 -0.7  0.138368758
 -0.65  0.152601116
 -0.6  0.16815559
 -0.55  0.185039397
 -0.5  0.203207905
 -0.45  0.222544204
 -0.4  0.242834421
 -0.35  0.263739382
 -0.3  0.284764467
 -0.25  0.30523191
 -0.2  0.324264549
 -0.15  0.340800224
 -0.1  0.353675759
 -0.05  0.361834749
  0.  0.364616745
  0.05  0.361834749
  0.1  0.353675759
  0.15  0.340800224
  0.2  0.324264549
  0.25  0.30523191
  0.3  0.284764467
  0.35  0.263739382
  0.4  0.242834421
  0.45  0.222544204
  0.5  0.203207905
  0.55  0.185039397
  0.6  0.16815559
  0.65  0.152601116
  0.7  0.138368758
  0.75  0.125415734
  0.8  0.113676257
  0.85  0.103070956
  0.9  0.0935137457
  0.95  0.0849166907
  1.  0.0771933244
  1.05  0.0702608192
  1.1  0.0640413079
  1.15  0.0584625975
  1.2  0.0534584564
  1.25  0.0489686116
  1.3  0.0449385555
  1.35  0.041319234
  1.4  0.0380666688
  1.45  0.0351415478
  1.5  0.0325088102
  1.55  0.0301372399
  1.6  0.0279990795
  1.65  0.0260696697
  1.7  0.0243271167
  1.75  0.0227519895
  1.8  0.0213270457
  1.85  0.0200369858
  1.9  0.0188682327
  1.95  0.0178087355
  2.  0.0168477958
&
 -2.  0.
 -1.95  0.
 -1.9  0.
 -1.85  0.
 -1.8  0.
 -1.75  0.
 -1.7  0.
 -1.65  0.
 -1.6  0.
 -1.55  0.
 -1.5  0.
 -1.45  0.
 -1.4  0.
 -1.35  0.
 -1.3  0.
 -1.25  0.
 -1.2  0.
 -1.15  0.
 -1.1  0.
 -1.05  0.
 -1.  0.
 -0.95  0.
 -0.9  0.
 -0.85  0.
 -0.8  0.
 -0.75  0.
 -0.7  0.
 -0.65  0.
 -0.6  0.
 -0.55  0.
 -0.5  0.
 -0.45  0.
 -0.4  0.
 -0.35  0.
 -0.3  0.
 -0.25  0.
 -0.2  0.
 -0.15  0.
 -0.1  0.
 -0.05  0.
  0.  0.
  0.05  0.
  0.1  0.
  0.15  0.
  0.2  0.
  0.25  0.
  0.3  0.
  0.35  0.
  0.4  0.
  0.45  0.
  0.5  0.
  0.55  0.
  0.6  0.
  0.65  0.
  0.7  0.
  0.75  0.
  0.8  0.
  0.85  0.
  0.9  0.
  0.95  0.
  1.  0.
  1.05  0.
  1.1  0.
  1.15  0.
  1.2  0.
  1.25  0.
  1.3  0.
  1.35  0.
  1.4  0.
  1.45  0.
  1.5  0.
  1.55  0.
  1.6  0.
  1.65  0.
  1.7  0.
  1.75  0.
  1.8  0.
  1.85  0.
  1.9  0.
  1.95  0.
  2.  0.
&
 -2.  0.0168477958
 -1.95  0.0178087355
 -1.9  0.0188682327
 -1.85  0.0200369858
 -1.8  0.0213270457
 -1.75  0.0227519895
 -1.7  0.0243271167
 -1.65  0.0260696697
 -1.6  0.0279990795
 -1.55  0.0301372399
 -1.5  0.0325088102
 -1.45  0.0351415478
 -1.4  0.0380666688
 -1.35  0.041319234
 -1.3  0.0449385555
 -1.25  0.0489686116
 -1.2  0.0534584564
 -1.15  0.0584625975
 -1.1  0.0640413079
 -1.05  0.0702608192
 -1.  0.0771933244
 -0.95  0.0849166907
 -0.9  0.0935137457
 -0.85  0.103070956
 -0.8  0.113676257
 -0.75  0.125415734
 -0.7  0.138368758
 -0.65  0.152601116
 -0.6  0.16815559
 -0.55  0.185039397
 -0.5  0.203207905
 -0.45  0.222544204
 -0.4  0.242834421
 -0.35  0.263739382
 -0.3  0.284764467
 -0.25  0.30523191
 -0.2  0.324264549
 -0.15  0.340800224
 -0.1  0.353675759
 -0.05  0.361834749
  0.  0.364616745
  0.05  0.361834749
  0.1  0.353675759
  0.15  0.340800224
  0.2  0.324264549
  0.25  0.30523191
  0.3  0.284764467
  0.35  0.263739382
  0.4  0.242834421
  0.45  0.222544204
  0.5  0.203207905
  0.55  0.185039397
  0.6  0.16815559
  0.65  0.152601116
  0.7  0.138368758
  0.75  0.125415734
  0.8  0.113676257
  0.85  0.103070956
  0.9  0.0935137457
  0.95  0.0849166907
  1.  0.0771933244
  1.05  0.0702608192
  1.1  0.0640413079
  1.15  0.0584625975
  1.2  0.0534584564
  1.25  0.0489686116
  1.3  0.0449385555
  1.35  0.041319234
  1.4  0.0380666688
  1.45  0.0351415478
  1.5  0.0325088102
  1.55  0.0301372399
  1.6  0.0279990795
  1.65  0.0260696697
  1.7  0.0243271167
  1.75  0.0227519895
  1.8  0.0213270457
  1.85  0.0200369858
  1.9  0.0188682327
  1.95  0.0178087355
  2.  0.0168477958
&
