@type xy
#  fi, dN/dfi integrated over eta&pt
# etamn,etamx,neta,nseta=    0.0000    1.0000   21    0.0000
# fimin, dfi, nfi, nsfi=    0.0000    0.0500   41    0.0000
 -2.  0.00101382638
 -1.95  0.00111144835
 -1.9  0.00122253211
 -1.85  0.00134908277
 -1.8  0.0014934256
 -1.75  0.00165825661
 -1.7  0.00184670022
 -1.65  0.0020623748
 -1.6  0.0023094666
 -1.55  0.00259281238
 -1.5  0.00291799068
 -1.45  0.00329142131
 -1.4  0.00372047169
 -1.35  0.00421356754
 -1.3  0.00478030422
 -1.25  0.00543155243
 -1.2  0.00617954972
 -1.15  0.00703796514
 -1.1  0.00802192037
 -1.05  0.00914794431
 -1.  0.0104338321
 -0.95  0.0118983709
 -0.9  0.0135608879
 -0.85  0.0154405664
 -0.8  0.0175554712
 -0.75  0.0199212226
 -0.7  0.0225492644
 -0.65  0.0254446929
 -0.6  0.0286036503
 -0.55  0.0320103574
 -0.5  0.0356339562
 -0.45  0.03942547
 -0.4  0.0433153481
 -0.35  0.0472122253
 -0.3  0.0510036387
 -0.25  0.0545594354
 -0.2  0.0577383938
 -0.15  0.0603980925
 -0.1  0.0624073306
 -0.05  0.0636595512
  0.  0.0640850476
  0.05  0.0636595512
  0.1  0.0624073306
  0.15  0.0603980925
  0.2  0.0577383938
  0.25  0.0545594354
  0.3  0.0510036387
  0.35  0.0472122253
  0.4  0.0433153481
  0.45  0.03942547
  0.5  0.0356339562
  0.55  0.0320103574
  0.6  0.0286036503
  0.65  0.0254446929
  0.7  0.0225492644
  0.75  0.0199212226
  0.8  0.0175554712
  0.85  0.0154405664
  0.9  0.0135608879
  0.95  0.0118983709
  1.  0.0104338321
  1.05  0.00914794431
  1.1  0.00802192037
  1.15  0.00703796514
  1.2  0.00617954972
  1.25  0.00543155243
  1.3  0.00478030422
  1.35  0.00421356754
  1.4  0.00372047169
  1.45  0.00329142131
  1.5  0.00291799068
  1.55  0.00259281238
  1.6  0.0023094666
  1.65  0.0020623748
  1.7  0.00184670022
  1.75  0.00165825661
  1.8  0.0014934256
  1.85  0.00134908277
  1.9  0.00122253211
  1.95  0.00111144835
  2.  0.00101382638
&
 -2.  3.62559845E-21
 -1.95  3.40302008E-20
 -1.9  3.018071E-19
 -1.85  2.52914963E-18
 -1.8  2.00262544E-17
 -1.75  1.49832168E-16
 -1.7  1.05923063E-15
 -1.65  7.07548357E-15
 -1.6  4.4658266E-14
 -1.55  2.66334678E-13
 -1.5  1.50083763E-12
 -1.45  7.99134411E-12
 -1.4  4.02055573E-11
 -1.35  1.9113159E-10
 -1.3  8.58536949E-10
 -1.25  3.6438932E-09
 -1.2  1.46134386E-08
 -1.15  5.53757131E-08
 -1.1  1.98274277E-07
 -1.05  6.70800766E-07
 -1.  2.14437559E-06
 -0.95  6.47721471E-06
 -0.9  1.84865497E-05
 -0.85  4.98544079E-05
 -0.8  0.000127037341
 -0.75  0.000305871743
 -0.7  0.000695868939
 -0.65  0.00149587629
 -0.6  0.00303839362
 -0.55  0.00583139586
 -0.5  0.0105750187
 -0.45  0.0181204883
 -0.4  0.029338559
 -0.35  0.0448836113
 -0.3  0.064880911
 -0.25  0.0886188717
 -0.2  0.114370923
 -0.15  0.139471401
 -0.1  0.160707016
 -0.05  0.174970422
  0.  0.180000857
  0.05  0.174970422
  0.1  0.160707016
  0.15  0.139471401
  0.2  0.114370923
  0.25  0.0886188717
  0.3  0.064880911
  0.35  0.0448836113
  0.4  0.029338559
  0.45  0.0181204883
  0.5  0.0105750187
  0.55  0.00583139586
  0.6  0.00303839362
  0.65  0.00149587629
  0.7  0.000695868939
  0.75  0.000305871743
  0.8  0.000127037341
  0.85  4.98544079E-05
  0.9  1.84865497E-05
  0.95  6.47721471E-06
  1.  2.14437559E-06
  1.05  6.70800766E-07
  1.1  1.98274277E-07
  1.15  5.53757131E-08
  1.2  1.46134386E-08
  1.25  3.6438932E-09
  1.3  8.58536949E-10
  1.35  1.9113159E-10
  1.4  4.02055573E-11
  1.45  7.99134411E-12
  1.5  1.50083763E-12
  1.55  2.66334678E-13
  1.6  4.4658266E-14
  1.65  7.07548357E-15
  1.7  1.05923063E-15
  1.75  1.49832168E-16
  1.8  2.00262544E-17
  1.85  2.52914963E-18
  1.9  3.018071E-19
  1.95  3.40302008E-20
  2.  3.62559845E-21
&
 -2.  0.00101382638
 -1.95  0.00111144835
 -1.9  0.00122253211
 -1.85  0.00134908277
 -1.8  0.0014934256
 -1.75  0.00165825661
 -1.7  0.00184670022
 -1.65  0.0020623748
 -1.6  0.0023094666
 -1.55  0.00259281238
 -1.5  0.00291799068
 -1.45  0.00329142132
 -1.4  0.00372047173
 -1.35  0.00421356773
 -1.3  0.00478030508
 -1.25  0.00543155608
 -1.2  0.00617956433
 -1.15  0.00703802052
 -1.1  0.00802211864
 -1.05  0.00914861511
 -1.  0.0104359764
 -0.95  0.0119048481
 -0.9  0.0135793745
 -0.85  0.0154904208
 -0.8  0.0176825086
 -0.75  0.0202270943
 -0.7  0.0232451334
 -0.65  0.0269405692
 -0.6  0.0316420439
 -0.55  0.0378417532
 -0.5  0.0462089749
 -0.45  0.0575459583
 -0.4  0.0726539071
 -0.35  0.0920958367
 -0.3  0.11588455
 -0.25  0.143178307
 -0.2  0.172109316
 -0.15  0.199869494
 -0.1  0.223114346
 -0.05  0.238629973
  0.  0.244085905
  0.05  0.238629973
  0.1  0.223114346
  0.15  0.199869494
  0.2  0.172109316
  0.25  0.143178307
  0.3  0.11588455
  0.35  0.0920958367
  0.4  0.0726539071
  0.45  0.0575459583
  0.5  0.0462089749
  0.55  0.0378417532
  0.6  0.0316420439
  0.65  0.0269405692
  0.7  0.0232451334
  0.75  0.0202270943
  0.8  0.0176825086
  0.85  0.0154904208
  0.9  0.0135793745
  0.95  0.0119048481
  1.  0.0104359764
  1.05  0.00914861511
  1.1  0.00802211864
  1.15  0.00703802052
  1.2  0.00617956433
  1.25  0.00543155608
  1.3  0.00478030508
  1.35  0.00421356773
  1.4  0.00372047173
  1.45  0.00329142132
  1.5  0.00291799068
  1.55  0.00259281238
  1.6  0.0023094666
  1.65  0.0020623748
  1.7  0.00184670022
  1.75  0.00165825661
  1.8  0.0014934256
  1.85  0.00134908277
  1.9  0.00122253211
  1.95  0.00111144835
  2.  0.00101382638
&
