@type xy
#  fi, dN/dfi integrated over eta&pt
# etamn,etamx,neta,nseta=    2.7000    3.9000   21    0.0000
# fimin, dfi, nfi, nsfi=    0.0000    0.0500   31    0.0000
 -1.5  0.0314914814
 -1.45  0.0340394048
 -1.4  0.0368701622
 -1.35  0.0400176618
 -1.3  0.0435199246
 -1.25  0.0474194878
 -1.2  0.0517638019
 -1.15  0.0566055988
 -1.1  0.0620031964
 -1.05  0.0680206897
 -1.  0.0747279591
 -0.95  0.0822003993
 -0.9  0.0905182372
 -0.85  0.0997652634
 -0.8  0.110026746
 -0.75  0.12138623
 -0.7  0.133920843
 -0.65  0.147694659
 -0.6  0.162749587
 -0.55  0.179093205
 -0.5  0.196682981
 -0.45  0.21540644
 -0.4  0.235057188
 -0.35  0.255307336
 -0.3  0.275678126
 -0.25  0.295512882
 -0.2  0.313961024
 -0.15  0.329991867
 -0.1  0.342476088
 -0.05  0.350387695
  0.  0.353085358
  0.05  0.350387695
  0.1  0.342476088
  0.15  0.329991867
  0.2  0.313961024
  0.25  0.295512882
  0.3  0.275678126
  0.35  0.255307336
  0.4  0.235057188
  0.45  0.21540644
  0.5  0.196682981
  0.55  0.179093205
  0.6  0.162749587
  0.65  0.147694659
  0.7  0.133920843
  0.75  0.12138623
  0.8  0.110026746
  0.85  0.0997652634
  0.9  0.0905182372
  0.95  0.0822003993
  1.  0.0747279591
  1.05  0.0680206897
  1.1  0.0620031964
  1.15  0.0566055988
  1.2  0.0517638019
  1.25  0.0474194878
  1.3  0.0435199246
  1.35  0.0400176618
  1.4  0.0368701622
  1.45  0.0340394048
  1.5  0.0314914814
&
 -1.5  0.
 -1.45  0.
 -1.4  0.
 -1.35  0.
 -1.3  0.
 -1.25  0.
 -1.2  0.
 -1.15  0.
 -1.1  0.
 -1.05  0.
 -1.  0.
 -0.95  0.
 -0.9  0.
 -0.85  0.
 -0.8  0.
 -0.75  0.
 -0.7  0.
 -0.65  0.
 -0.6  0.
 -0.55  0.
 -0.5  0.
 -0.45  0.
 -0.4  0.
 -0.35  0.
 -0.3  0.
 -0.25  0.
 -0.2  0.
 -0.15  0.
 -0.1  0.
 -0.05  0.
  0.  0.
  0.05  0.
  0.1  0.
  0.15  0.
  0.2  0.
  0.25  0.
  0.3  0.
  0.35  0.
  0.4  0.
  0.45  0.
  0.5  0.
  0.55  0.
  0.6  0.
  0.65  0.
  0.7  0.
  0.75  0.
  0.8  0.
  0.85  0.
  0.9  0.
  0.95  0.
  1.  0.
  1.05  0.
  1.1  0.
  1.15  0.
  1.2  0.
  1.25  0.
  1.3  0.
  1.35  0.
  1.4  0.
  1.45  0.
  1.5  0.
&
 -1.5  0.0314914814
 -1.45  0.0340394048
 -1.4  0.0368701622
 -1.35  0.0400176618
 -1.3  0.0435199246
 -1.25  0.0474194878
 -1.2  0.0517638019
 -1.15  0.0566055988
 -1.1  0.0620031964
 -1.05  0.0680206897
 -1.  0.0747279591
 -0.95  0.0822003993
 -0.9  0.0905182372
 -0.85  0.0997652634
 -0.8  0.110026746
 -0.75  0.12138623
 -0.7  0.133920843
 -0.65  0.147694659
 -0.6  0.162749587
 -0.55  0.179093205
 -0.5  0.196682981
 -0.45  0.21540644
 -0.4  0.235057188
 -0.35  0.255307336
 -0.3  0.275678126
 -0.25  0.295512882
 -0.2  0.313961024
 -0.15  0.329991867
 -0.1  0.342476088
 -0.05  0.350387695
  0.  0.353085358
  0.05  0.350387695
  0.1  0.342476088
  0.15  0.329991867
  0.2  0.313961024
  0.25  0.295512882
  0.3  0.275678126
  0.35  0.255307336
  0.4  0.235057188
  0.45  0.21540644
  0.5  0.196682981
  0.55  0.179093205
  0.6  0.162749587
  0.65  0.147694659
  0.7  0.133920843
  0.75  0.12138623
  0.8  0.110026746
  0.85  0.0997652634
  0.9  0.0905182372
  0.95  0.0822003993
  1.  0.0747279591
  1.05  0.0680206897
  1.1  0.0620031964
  1.15  0.0566055988
  1.2  0.0517638019
  1.25  0.0474194878
  1.3  0.0435199246
  1.35  0.0400176618
  1.4  0.0368701622
  1.45  0.0340394048
  1.5  0.0314914814
&
