@type xy
#  fi, dN/dfi integrated over eta&pt
# etamn,etamx,neta,nseta=    0.0000    1.0000   21    0.0000
# fimin, dfi, nfi, nsfi=    0.0000    0.0500   41    0.0000
 -2.  0.00969703244
 -1.95  0.0104675581
 -1.9  0.0113367797
 -1.85  0.0123188456
 -1.8  0.0134302338
 -1.75  0.0146901635
 -1.7  0.0161210844
 -1.65  0.0177492573
 -1.6  0.0196054445
 -1.55  0.0217257299
 -1.5  0.024152494
 -1.45  0.0269355705
 -1.4  0.0301336211
 -1.35  0.0338157624
 -1.3  0.0380634932
 -1.25  0.0429729668
 -1.2  0.0486576653
 -1.15  0.0552515308
 -1.1  0.0629126108
 -1.05  0.0718272696
 -1.  0.0822150034
 -0.95  0.0943338698
 -0.9  0.108486491
 -0.85  0.125026509
 -0.8  0.144365239
 -0.75  0.166978051
 -0.7  0.1934097
 -0.65  0.224277332
 -0.6  0.260269153
 -0.55  0.302135627
 -0.5  0.350668356
 -0.45  0.406659023
 -0.4  0.470826228
 -0.35  0.543690008
 -0.3  0.625358869
 -0.25  0.715165171
 -0.2  0.811029919
 -0.15  0.908352433
 -0.1  0.998213386
 -0.05  1.06549581
  0.  1.09121321
  0.05  1.06549581
  0.1  0.998213386
  0.15  0.908352433
  0.2  0.811029919
  0.25  0.715165171
  0.3  0.625358869
  0.35  0.543690008
  0.4  0.470826228
  0.45  0.406659023
  0.5  0.350668356
  0.55  0.302135627
  0.6  0.260269153
  0.65  0.224277332
  0.7  0.1934097
  0.75  0.166978051
  0.8  0.144365239
  0.85  0.125026509
  0.9  0.108486491
  0.95  0.0943338698
  1.  0.0822150034
  1.05  0.0718272696
  1.1  0.0629126108
  1.15  0.0552515308
  1.2  0.0486576653
  1.25  0.0429729668
  1.3  0.0380634932
  1.35  0.0338157624
  1.4  0.0301336211
  1.45  0.0269355705
  1.5  0.024152494
  1.55  0.0217257299
  1.6  0.0196054445
  1.65  0.0177492573
  1.7  0.0161210844
  1.75  0.0146901635
  1.8  0.0134302338
  1.85  0.0123188456
  1.9  0.0113367797
  1.95  0.0104675581
  2.  0.00969703244
&
 -2.  6.59055271E-08
 -1.95  1.47576215E-07
 -1.9  3.23778307E-07
 -1.85  6.96010792E-07
 -1.8  1.46595638E-06
 -1.75  3.02526183E-06
 -1.7  6.11704584E-06
 -1.65  1.21187367E-05
 -1.6  2.35239264E-05
 -1.55  4.47403238E-05
 -1.5  8.33729713E-05
 -1.45  0.000152225807
 -1.4  0.000272325391
 -1.35  0.000477336709
 -1.3  0.000819782006
 -1.25  0.00137945893
 -1.2  0.00227434328
 -1.15  0.00367400805
 -1.1  0.00581515158
 -1.05  0.0090181784
 -1.  0.0137029304
 -0.95  0.0204006935
 -0.9  0.029758652
 -0.85  0.0425322568
 -0.8  0.0595607896
 -0.75  0.0817220614
 -0.7  0.109863904
 -0.65  0.144713014
 -0.6  0.186765647
 -0.55  0.236169197
 -0.5  0.292608108
 -0.45  0.355210919
 -0.4  0.42249649
 -0.35  0.492375857
 -0.3  0.562221232
 -0.25  0.629005702
 -0.2  0.689507143
 -0.15  0.740559238
 -0.1  0.779323345
 -0.05  0.803549092
  0.  0.811790549
  0.05  0.803549092
  0.1  0.779323345
  0.15  0.740559238
  0.2  0.689507143
  0.25  0.629005702
  0.3  0.562221232
  0.35  0.492375857
  0.4  0.42249649
  0.45  0.355210919
  0.5  0.292608108
  0.55  0.236169197
  0.6  0.186765647
  0.65  0.144713014
  0.7  0.109863904
  0.75  0.0817220614
  0.8  0.0595607896
  0.85  0.0425322568
  0.9  0.029758652
  0.95  0.0204006935
  1.  0.0137029304
  1.05  0.0090181784
  1.1  0.00581515158
  1.15  0.00367400805
  1.2  0.00227434328
  1.25  0.00137945893
  1.3  0.000819782006
  1.35  0.000477336709
  1.4  0.000272325391
  1.45  0.000152225807
  1.5  8.33729713E-05
  1.55  4.47403238E-05
  1.6  2.35239264E-05
  1.65  1.21187367E-05
  1.7  6.11704584E-06
  1.75  3.02526183E-06
  1.8  1.46595638E-06
  1.85  6.96010792E-07
  1.9  3.23778307E-07
  1.95  1.47576215E-07
  2.  6.59055271E-08
&
 -2.  0.00969709834
 -1.95  0.0104677057
 -1.9  0.0113371035
 -1.85  0.0123195417
 -1.8  0.0134316998
 -1.75  0.0146931888
 -1.7  0.0161272014
 -1.65  0.017761376
 -1.6  0.0196289684
 -1.55  0.0217704703
 -1.5  0.0242358669
 -1.45  0.0270877963
 -1.4  0.0304059464
 -1.35  0.0342930991
 -1.3  0.0388832752
 -1.25  0.0443524257
 -1.2  0.0509320086
 -1.15  0.0589255389
 -1.1  0.0687277624
 -1.05  0.080845448
 -1.  0.0959179338
 -0.95  0.114734563
 -0.9  0.138245143
 -0.85  0.167558766
 -0.8  0.203926029
 -0.75  0.248700113
 -0.7  0.303273604
 -0.65  0.368990346
 -0.6  0.4470348
 -0.55  0.538304824
 -0.5  0.643276465
 -0.45  0.761869942
 -0.4  0.893322717
 -0.35  1.03606587
 -0.3  1.1875801
 -0.25  1.34417087
 -0.2  1.50053706
 -0.15  1.64891167
 -0.1  1.77753673
 -0.05  1.8690449
  0.  1.90300376
  0.05  1.8690449
  0.1  1.77753673
  0.15  1.64891167
  0.2  1.50053706
  0.25  1.34417087
  0.3  1.1875801
  0.35  1.03606587
  0.4  0.893322717
  0.45  0.761869942
  0.5  0.643276465
  0.55  0.538304824
  0.6  0.4470348
  0.65  0.368990346
  0.7  0.303273604
  0.75  0.248700113
  0.8  0.203926029
  0.85  0.167558766
  0.9  0.138245143
  0.95  0.114734563
  1.  0.0959179338
  1.05  0.080845448
  1.1  0.0687277624
  1.15  0.0589255389
  1.2  0.0509320086
  1.25  0.0443524257
  1.3  0.0388832752
  1.35  0.0342930991
  1.4  0.0304059464
  1.45  0.0270877963
  1.5  0.0242358669
  1.55  0.0217704703
  1.6  0.0196289684
  1.65  0.017761376
  1.7  0.0161272014
  1.75  0.0146931888
  1.8  0.0134316998
  1.85  0.0123195417
  1.9  0.0113371035
  1.95  0.0104677057
  2.  0.00969709834
&
