@type xy
#  fi, dN/dfi integrated over eta&pt
# etamn,etamx,neta,nseta=    1.3000    1.8000   21    0.0000
# fimin, dfi, nfi, nsfi=    0.0000    0.0500   41    0.0000
 -2.  0.000569488366
 -1.95  0.000619572706
 -1.9  0.000676045419
 -1.85  0.00073976663
 -1.8  0.00081171821
 -1.75  0.000893019858
 -1.7  0.000984946808
 -1.65  0.00108894913
 -1.6  0.00120667247
 -1.55  0.00133998004
 -1.5  0.00149097527
 -1.45  0.00166202464
 -1.4  0.00185577951
 -1.35  0.00207519564
 -1.3  0.00232354845
 -1.25  0.00260444137
 -1.2  0.00292180398
 -1.15  0.00327987558
 -1.1  0.00368316869
 -1.05  0.00413640599
 -1.  0.00464442267
 -0.95  0.00521202526
 -0.9  0.00584379688
 -0.85  0.00654383875
 -0.8  0.00731543841
 -0.75  0.00816065758
 -0.7  0.00907983723
 -0.65  0.010071026
 -0.6  0.0111293496
 -0.55  0.0122463575
 -0.5  0.013409403
 -0.45  0.0146011411
 -0.4  0.0157992504
 -0.35  0.0169765082
 -0.3  0.0181013475
 -0.25  0.0191390019
 -0.2  0.0200532835
 -0.15  0.0208089357
 -0.1  0.021374371
 -0.05  0.0217244715
  0.  0.0218430381
  0.05  0.0217244715
  0.1  0.021374371
  0.15  0.0208089357
  0.2  0.0200532835
  0.25  0.0191390019
  0.3  0.0181013475
  0.35  0.0169765082
  0.4  0.0157992504
  0.45  0.0146011411
  0.5  0.013409403
  0.55  0.0122463575
  0.6  0.0111293496
  0.65  0.010071026
  0.7  0.00907983723
  0.75  0.00816065758
  0.8  0.00731543841
  0.85  0.00654383875
  0.9  0.00584379688
  0.95  0.00521202526
  1.  0.00464442267
  1.05  0.00413640599
  1.1  0.00368316869
  1.15  0.00327987558
  1.2  0.00292180398
  1.25  0.00260444137
  1.3  0.00232354845
  1.35  0.00207519564
  1.4  0.00185577951
  1.45  0.00166202464
  1.5  0.00149097527
  1.55  0.00133998004
  1.6  0.00120667247
  1.65  0.00108894913
  1.7  0.000984946808
  1.75  0.000893019858
  1.8  0.00081171821
  1.85  0.00073976663
  1.9  0.000676045419
  1.95  0.000619572706
  2.  0.000569488366
&
 -2.  0.
 -1.95  0.
 -1.9  0.
 -1.85  0.
 -1.8  0.
 -1.75  0.
 -1.7  0.
 -1.65  0.
 -1.6  0.
 -1.55  0.
 -1.5  0.
 -1.45  0.
 -1.4  0.
 -1.35  0.
 -1.3  0.
 -1.25  0.
 -1.2  0.
 -1.15  0.
 -1.1  0.
 -1.05  0.
 -1.  0.
 -0.95  0.
 -0.9  0.
 -0.85  0.
 -0.8  0.
 -0.75  0.
 -0.7  0.
 -0.65  0.
 -0.6  0.
 -0.55  0.
 -0.5  0.
 -0.45  0.
 -0.4  0.
 -0.35  0.
 -0.3  0.
 -0.25  0.
 -0.2  0.
 -0.15  0.
 -0.1  0.
 -0.05  0.
  0.  0.
  0.05  0.
  0.1  0.
  0.15  0.
  0.2  0.
  0.25  0.
  0.3  0.
  0.35  0.
  0.4  0.
  0.45  0.
  0.5  0.
  0.55  0.
  0.6  0.
  0.65  0.
  0.7  0.
  0.75  0.
  0.8  0.
  0.85  0.
  0.9  0.
  0.95  0.
  1.  0.
  1.05  0.
  1.1  0.
  1.15  0.
  1.2  0.
  1.25  0.
  1.3  0.
  1.35  0.
  1.4  0.
  1.45  0.
  1.5  0.
  1.55  0.
  1.6  0.
  1.65  0.
  1.7  0.
  1.75  0.
  1.8  0.
  1.85  0.
  1.9  0.
  1.95  0.
  2.  0.
&
 -2.  0.000569488366
 -1.95  0.000619572706
 -1.9  0.000676045419
 -1.85  0.00073976663
 -1.8  0.00081171821
 -1.75  0.000893019858
 -1.7  0.000984946808
 -1.65  0.00108894913
 -1.6  0.00120667247
 -1.55  0.00133998004
 -1.5  0.00149097527
 -1.45  0.00166202464
 -1.4  0.00185577951
 -1.35  0.00207519564
 -1.3  0.00232354845
 -1.25  0.00260444137
 -1.2  0.00292180398
 -1.15  0.00327987558
 -1.1  0.00368316869
 -1.05  0.00413640599
 -1.  0.00464442267
 -0.95  0.00521202526
 -0.9  0.00584379688
 -0.85  0.00654383875
 -0.8  0.00731543841
 -0.75  0.00816065758
 -0.7  0.00907983723
 -0.65  0.010071026
 -0.6  0.0111293496
 -0.55  0.0122463575
 -0.5  0.013409403
 -0.45  0.0146011411
 -0.4  0.0157992504
 -0.35  0.0169765082
 -0.3  0.0181013475
 -0.25  0.0191390019
 -0.2  0.0200532835
 -0.15  0.0208089357
 -0.1  0.021374371
 -0.05  0.0217244715
  0.  0.0218430381
  0.05  0.0217244715
  0.1  0.021374371
  0.15  0.0208089357
  0.2  0.0200532835
  0.25  0.0191390019
  0.3  0.0181013475
  0.35  0.0169765082
  0.4  0.0157992504
  0.45  0.0146011411
  0.5  0.013409403
  0.55  0.0122463575
  0.6  0.0111293496
  0.65  0.010071026
  0.7  0.00907983723
  0.75  0.00816065758
  0.8  0.00731543841
  0.85  0.00654383875
  0.9  0.00584379688
  0.95  0.00521202526
  1.  0.00464442267
  1.05  0.00413640599
  1.1  0.00368316869
  1.15  0.00327987558
  1.2  0.00292180398
  1.25  0.00260444137
  1.3  0.00232354845
  1.35  0.00207519564
  1.4  0.00185577951
  1.45  0.00166202464
  1.5  0.00149097527
  1.55  0.00133998004
  1.6  0.00120667247
  1.65  0.00108894913
  1.7  0.000984946808
  1.75  0.000893019858
  1.8  0.00081171821
  1.85  0.00073976663
  1.9  0.000676045419
  1.95  0.000619572706
  2.  0.000569488366
&
