@type xy
#  fi, dN/dfi integrated over eta&pt
# etamn,etamx,neta,nseta=    0.7000    1.3000   21    0.0000
# fimin, dfi, nfi, nsfi=    0.0000    0.0500   41    0.0000
 -2.  0.000666643403
 -1.95  0.00072835889
 -1.9  0.000798279866
 -1.85  0.000877569755
 -1.8  0.000967566493
 -1.75  0.00106980753
 -1.7  0.00118605782
 -1.65  0.00131834078
 -1.6  0.00146897233
 -1.55  0.00164059768
 -1.5  0.00183623045
 -1.45  0.0020592933
 -1.4  0.0023136588
 -1.35  0.00260368857
 -1.3  0.00293426803
 -1.25  0.00331083279
 -1.2  0.00373938175
 -1.15  0.00422647001
 -1.1  0.00477917294
 -1.05  0.00540501074
 -1.  0.00611182003
 -0.95  0.00690755727
 -0.9  0.00780001621
 -0.85  0.0087964409
 -0.8  0.009903016
 -0.75  0.0111242193
 -0.7  0.0124620289
 -0.65  0.0139149893
 -0.6  0.0154771632
 -0.55  0.017137021
 -0.5  0.0188763627
 -0.45  0.0206694062
 -0.4  0.0224822252
 -0.35  0.0242727538
 -0.3  0.0259915844
 -0.25  0.0275837477
 -0.2  0.0289915633
 -0.15  0.0301584756
 -0.1  0.0310335658
 -0.05  0.0315761987
  0.  0.0317601064
  0.05  0.0315761987
  0.1  0.0310335658
  0.15  0.0301584756
  0.2  0.0289915633
  0.25  0.0275837477
  0.3  0.0259915844
  0.35  0.0242727538
  0.4  0.0224822252
  0.45  0.0206694062
  0.5  0.0188763627
  0.55  0.017137021
  0.6  0.0154771632
  0.65  0.0139149893
  0.7  0.0124620289
  0.75  0.0111242193
  0.8  0.009903016
  0.85  0.0087964409
  0.9  0.00780001621
  0.95  0.00690755727
  1.  0.00611182003
  1.05  0.00540501074
  1.1  0.00477917294
  1.15  0.00422647001
  1.2  0.00373938175
  1.25  0.00331083279
  1.3  0.00293426803
  1.35  0.00260368857
  1.4  0.0023136588
  1.45  0.0020592933
  1.5  0.00183623045
  1.55  0.00164059768
  1.6  0.00146897233
  1.65  0.00131834078
  1.7  0.00118605782
  1.75  0.00106980753
  1.8  0.000967566493
  1.85  0.000877569755
  1.9  0.000798279866
  1.95  0.00072835889
  2.  0.000666643403
&
 -2.  0.
 -1.95  0.
 -1.9  0.
 -1.85  0.
 -1.8  0.
 -1.75  0.
 -1.7  0.
 -1.65  0.
 -1.6  0.
 -1.55  0.
 -1.5  0.
 -1.45  0.
 -1.4  0.
 -1.35  0.
 -1.3  0.
 -1.25  0.
 -1.2  0.
 -1.15  0.
 -1.1  0.
 -1.05  0.
 -1.  0.
 -0.95  0.
 -0.9  0.
 -0.85  0.
 -0.8  0.
 -0.75  0.
 -0.7  0.
 -0.65  0.
 -0.6  0.
 -0.55  0.
 -0.5  0.
 -0.45  0.
 -0.4  0.
 -0.35  0.
 -0.3  0.
 -0.25  0.
 -0.2  0.
 -0.15  0.
 -0.1  0.
 -0.05  0.
  0.  0.
  0.05  0.
  0.1  0.
  0.15  0.
  0.2  0.
  0.25  0.
  0.3  0.
  0.35  0.
  0.4  0.
  0.45  0.
  0.5  0.
  0.55  0.
  0.6  0.
  0.65  0.
  0.7  0.
  0.75  0.
  0.8  0.
  0.85  0.
  0.9  0.
  0.95  0.
  1.  0.
  1.05  0.
  1.1  0.
  1.15  0.
  1.2  0.
  1.25  0.
  1.3  0.
  1.35  0.
  1.4  0.
  1.45  0.
  1.5  0.
  1.55  0.
  1.6  0.
  1.65  0.
  1.7  0.
  1.75  0.
  1.8  0.
  1.85  0.
  1.9  0.
  1.95  0.
  2.  0.
&
 -2.  0.000666643403
 -1.95  0.00072835889
 -1.9  0.000798279866
 -1.85  0.000877569755
 -1.8  0.000967566493
 -1.75  0.00106980753
 -1.7  0.00118605782
 -1.65  0.00131834078
 -1.6  0.00146897233
 -1.55  0.00164059768
 -1.5  0.00183623045
 -1.45  0.0020592933
 -1.4  0.0023136588
 -1.35  0.00260368857
 -1.3  0.00293426803
 -1.25  0.00331083279
 -1.2  0.00373938175
 -1.15  0.00422647001
 -1.1  0.00477917294
 -1.05  0.00540501074
 -1.  0.00611182003
 -0.95  0.00690755727
 -0.9  0.00780001621
 -0.85  0.0087964409
 -0.8  0.009903016
 -0.75  0.0111242193
 -0.7  0.0124620289
 -0.65  0.0139149893
 -0.6  0.0154771632
 -0.55  0.017137021
 -0.5  0.0188763627
 -0.45  0.0206694062
 -0.4  0.0224822252
 -0.35  0.0242727538
 -0.3  0.0259915844
 -0.25  0.0275837477
 -0.2  0.0289915633
 -0.15  0.0301584756
 -0.1  0.0310335658
 -0.05  0.0315761987
  0.  0.0317601064
  0.05  0.0315761987
  0.1  0.0310335658
  0.15  0.0301584756
  0.2  0.0289915633
  0.25  0.0275837477
  0.3  0.0259915844
  0.35  0.0242727538
  0.4  0.0224822252
  0.45  0.0206694062
  0.5  0.0188763627
  0.55  0.017137021
  0.6  0.0154771632
  0.65  0.0139149893
  0.7  0.0124620289
  0.75  0.0111242193
  0.8  0.009903016
  0.85  0.0087964409
  0.9  0.00780001621
  0.95  0.00690755727
  1.  0.00611182003
  1.05  0.00540501074
  1.1  0.00477917294
  1.15  0.00422647001
  1.2  0.00373938175
  1.25  0.00331083279
  1.3  0.00293426803
  1.35  0.00260368857
  1.4  0.0023136588
  1.45  0.0020592933
  1.5  0.00183623045
  1.55  0.00164059768
  1.6  0.00146897233
  1.65  0.00131834078
  1.7  0.00118605782
  1.75  0.00106980753
  1.8  0.000967566493
  1.85  0.000877569755
  1.9  0.000798279866
  1.95  0.00072835889
  2.  0.000666643403
&
