@type xy
#  fi, dN/dfi integrated over eta&pt
# etamn,etamx,neta,nseta=    0.0000    1.0000   21    0.0000
# fimin, dfi, nfi, nsfi=    0.0000    0.1000   21    0.0000
 -2.  0.00981535103
 -1.9  0.0114696401
 -1.8  0.0135812463
 -1.7  0.016295102
 -1.6  0.0198091838
 -1.5  0.0243955244
 -1.4  0.0304299504
 -1.3  0.0384341107
 -1.2  0.0491346039
 -1.1  0.0635453694
 -1.  0.0830805349
 -0.9  0.109704359
 -0.8  0.146119813
 -0.7  0.195980994
 -0.6  0.264072218
 -0.5  0.356296261
 -0.4  0.47907981
 -0.3  0.637218573
 -0.2  0.827451333
 -0.1  1.01940625
  0.  1.11482493
  0.1  1.01940625
  0.2  0.827451333
  0.3  0.637218573
  0.4  0.47907981
  0.5  0.356296261
  0.6  0.264072218
  0.7  0.195980994
  0.8  0.146119813
  0.9  0.109704359
  1.  0.0830805349
  1.1  0.0635453694
  1.2  0.0491346039
  1.3  0.0384341107
  1.4  0.0304299504
  1.5  0.0243955244
  1.6  0.0198091838
  1.7  0.016295102
  1.8  0.0135812463
  1.9  0.0114696401
  2.  0.00981535103
&
 -2.  6.59055271E-08
 -1.9  3.23778307E-07
 -1.8  1.46595638E-06
 -1.7  6.11704584E-06
 -1.6  2.35239264E-05
 -1.5  8.33729713E-05
 -1.4  0.000272325391
 -1.3  0.000819782006
 -1.2  0.00227434328
 -1.1  0.00581515158
 -1.  0.0137029304
 -0.9  0.029758652
 -0.8  0.0595607896
 -0.7  0.109863904
 -0.6  0.186765647
 -0.5  0.292608108
 -0.4  0.42249649
 -0.3  0.562221232
 -0.2  0.689507143
 -0.1  0.779323345
  0.  0.811790549
  0.1  0.779323345
  0.2  0.689507143
  0.3  0.562221232
  0.4  0.42249649
  0.5  0.292608108
  0.6  0.186765647
  0.7  0.109863904
  0.8  0.0595607896
  0.9  0.029758652
  1.  0.0137029304
  1.1  0.00581515158
  1.2  0.00227434328
  1.3  0.000819782006
  1.4  0.000272325391
  1.5  8.33729713E-05
  1.6  2.35239264E-05
  1.7  6.11704584E-06
  1.8  1.46595638E-06
  1.9  3.23778307E-07
  2.  6.59055271E-08
&
 -2.  0.00981541694
 -1.9  0.0114699639
 -1.8  0.0135827123
 -1.7  0.0163012191
 -1.6  0.0198327077
 -1.5  0.0244788974
 -1.4  0.0307022757
 -1.3  0.0392538927
 -1.2  0.0514089471
 -1.1  0.069360521
 -1.  0.0967834653
 -0.9  0.139463011
 -0.8  0.205680603
 -0.7  0.305844897
 -0.6  0.450837866
 -0.5  0.648904369
 -0.4  0.9015763
 -0.3  1.19943981
 -0.2  1.51695848
 -0.1  1.7987296
  0.  1.92661548
  0.1  1.7987296
  0.2  1.51695848
  0.3  1.19943981
  0.4  0.9015763
  0.5  0.648904369
  0.6  0.450837866
  0.7  0.305844897
  0.8  0.205680603
  0.9  0.139463011
  1.  0.0967834653
  1.1  0.069360521
  1.2  0.0514089471
  1.3  0.0392538927
  1.4  0.0307022757
  1.5  0.0244788974
  1.6  0.0198327077
  1.7  0.0163012191
  1.8  0.0135827123
  1.9  0.0114699639
  2.  0.00981541694
&
