@type xy
#  pt, dN/ptdpt(pt) integrated over fi&eta
  0.2  0.0542534674
  0.3  0.10622075
  0.4  0.184182704
  0.5  0.298020357
  0.6  0.458976738
  0.7  0.669634027
  0.8  0.881684736
  0.9  1.01319377
  1.  1.03077901
  1.1  0.933847649
  1.2  0.767389859
  1.3  0.59969676
  1.4  0.459388946
  1.5  0.349101736
  1.6  0.264540423
  1.7  0.200423031
  1.8  0.152040294
  1.9  0.115581324
  2.  0.0880907104
  2.1  0.0673251954
  2.2  0.0516008198
  2.3  0.039660048
  2.4  0.0305653725
  2.5  0.0236175383
  2.6  0.0182940537
  2.7  0.0142034912
  2.8  0.0110517172
  2.9  0.00861698636
  3.  0.00673156838
  3.1  0.00526816992
  3.2  0.00412987384
  3.3  0.00324266099
  3.4  0.00254983236
  3.5  0.00200783372
  3.6  0.00158311904
  3.7  0.00124978567
  3.8  0.000987785448
  3.9  0.000781566865
  4.  0.000619041195
  4.1  0.000490792925
  4.2  0.000389475019
&
#  pt, dN/dpt(pt) integrated over fi&eta
  0.2  0.0108506935
  0.3  0.0318662251
  0.4  0.0736730816
  0.5  0.149010179
  0.6  0.275386043
  0.7  0.468743819
  0.8  0.705347789
  0.9  0.911874396
  1.  1.03077901
  1.1  1.02723241
  1.2  0.920867831
  1.3  0.779605788
  1.4  0.643144524
  1.5  0.523652604
  1.6  0.423264676
  1.7  0.340719152
  1.8  0.273672528
  1.9  0.219604515
  2.  0.176181421
  2.1  0.14138291
  2.2  0.113521804
  2.3  0.0912181103
  2.4  0.0733568939
  2.5  0.0590438458
  2.6  0.0475645397
  2.7  0.0383494264
  2.8  0.0309448082
  2.9  0.0249892605
  3.  0.0201947051
  3.1  0.0163313267
  3.2  0.0132155963
  3.3  0.0107007813
  3.4  0.00866943001
  3.5  0.00702741802
  3.6  0.00569922853
  3.7  0.00462420697
  3.8  0.0037535847
  3.9  0.00304811077
  4.  0.00247616478
  4.1  0.00201225099
  4.2  0.00163579508
&
#  pt, dN/ptdpt(pt) of jet
  0.2  1.57271281
  0.3  1.34279263
  0.4  1.13444681
  0.5  0.953726703
  0.6  0.799686334
  0.7  0.669479017
  0.8  0.559913241
  0.9  0.467962791
  1.  0.390926095
  1.1  0.326457178
  1.2  0.272548228
  1.3  0.22749515
  1.4  0.189859041
  1.5  0.158428962
  1.6  0.132188115
  1.7  0.11028406
  1.8  0.0920029578
  1.9  0.0767475384
  2.  0.0640183796
  2.1  0.0533980807
  2.2  0.044537925
  2.3  0.0371466655
  2.4  0.030981113
  2.5  0.0258382467
  2.6  0.0215486065
  2.7  0.0179707648
  2.8  0.0149867025
  2.9  0.0124979442
  3.  0.0104223282
  3.1  0.00869130894
  3.2  0.00724770397
  3.3  0.00604381262
  3.4  0.00503984566
  3.5  0.00420261447
  3.6  0.00350443705
  3.7  0.00292222506
  3.8  0.00243672214
  3.9  0.00203186823
  4.  0.00169426939
  4.1  0.00141275539
  4.2  0.00117801071
&
#  pt,dN/ptdpt(pt), jet+ridge integ  fi&eta+jetdN/ptdpt
  0.2  1.62696628
  0.3  1.44901338
  0.4  1.31862952
  0.5  1.25174706
  0.6  1.25866307
  0.7  1.33911304
  0.8  1.44159798
  0.9  1.48115656
  1.  1.42170511
  1.1  1.26030483
  1.2  1.03993809
  1.3  0.827191909
  1.4  0.649247986
  1.5  0.507530699
  1.6  0.396728538
  1.7  0.310707091
  1.8  0.244043251
  1.9  0.192328862
  2.  0.15210909
  2.1  0.120723276
  2.2  0.0961387448
  2.3  0.0768067134
  2.4  0.0615464855
  2.5  0.049455785
  2.6  0.0398426602
  2.7  0.032174256
  2.8  0.0260384197
  2.9  0.0211149305
  3.  0.0171538966
  3.1  0.0139594789
  3.2  0.0113775778
  3.3  0.00928647362
  3.4  0.00758967802
  3.5  0.00621044819
  3.6  0.00508755608
  3.7  0.00417201073
  3.8  0.00342450758
  3.9  0.00281343509
  4.  0.00231331058
  4.1  0.00190354832
  4.2  0.00156748573
&
#  pt, dNdpt(pt) init formla noramled to first pt pt
  0.2  0.0108506935
  0.3  0.0131684065
  0.4  0.0138910341
  0.5  0.0135590416
  0.6  0.0126072368
  0.7  0.0113473698
  0.8  0.00998480419
  0.9  0.00864454792
  1.  0.00739589185
  1.1  0.00627186051
  1.2  0.00528313389
  1.3  0.00442741206
  1.4  0.00369544059
  1.5  0.00307474556
  1.6  0.00255186219
  1.7  0.00211360155
  1.8  0.0017477182
  1.9  0.00144321373
  2.  0.00119042579
  2.1  0.000980996089
  2.2  0.000807775139
  2.3  0.000664698351
  2.4  0.000546654126
  2.5  0.000449355371
  2.6  0.000369220501
  2.7  0.000303266648
  2.8  0.000249015816
  2.9  0.000204413655
  3.  0.000167759914
  3.1  0.000137649382
  3.2  0.000112922058
  3.3  9.262131E-05
  3.4  7.59588876E-05
  3.5  6.22857475E-05
  3.6  5.10678005E-05
  3.7  4.18657845E-05
  3.8  3.43185952E-05
  3.9  2.81294982E-05
  4.  2.30547403E-05
  4.1  1.88941516E-05
  4.2  1.54833974E-05
&
