Mean-pT, 0.0 < |eta| < 0.4
Npart : <pT> : sys
381 0.6211 0.0242
329 0.6244 0.0244
283 0.6255 0.0244
240 0.6254 0.0244
204 0.6238 0.0243
171 0.6215 0.0242
143 0.6186 0.0241
118 0.6142 0.0240
86.2 0.6060 0.0236
53.5 0.5903 0.0230
30.5 0.5739 0.0224
15.7 0.5575 0.0217

Mean-pT, 0.8 < |eta| < 1.2
Npart : <pT> : sys
381 0.6103 0.0238
329 0.6117 0.0239
283 0.6137 0.0239
240 0.6128 0.0239
204 0.6117 0.0239
171 0.6107 0.0238
143 0.6072 0.0237
118 0.6034 0.0235
86.2 0.5951 0.0232
53.5 0.5827 0.0227
30.5 0.5679 0.0221
15.7 0.5560 0.0217

Mean-pT, 2.0 < |eta| < 2.4
Npart : <pT> : sys
381 0.5837 0.0286
329 0.5850 0.0287
283 0.5859 0.0287
240 0.5862 0.0287
204 0.5846 0.0286
171 0.5835 0.0286
143 0.5823 0.0285
118 0.5746 0.0282
86.2 0.5659 0.0277
53.5 0.5537 0.0271
30.5 0.5509 0.0270
15.7 0.5429 0.0266
