0.3 < p_{T}^{trig} < 1 GeV/c, 220 <= N_trk^offline < 260, |deta|>2, PbPb
-1.1781 0.0069 0.0002
-0.9817 0.0216 0.0002
-0.7854 0.0405 0.0002
-0.5890 0.0612 0.0002
-0.3927 0.0802 0.0002
-0.1963 0.0931 0.0002
0.0000 0.0983 0.0002
0.1963 0.0931 0.0002
0.3927 0.0802 0.0002
0.5890 0.0612 0.0002
0.7854 0.0405 0.0002
0.9817 0.0216 0.0002
1.1781 0.0069 0.0002
1.3744 -0.0005 0.0002
1.5708 -0.0003 0.0002
1.7671 0.0072 0.0002
1.9635 0.0218 0.0002
2.1598 0.0404 0.0002
2.3562 0.0607 0.0002
2.5525 0.0806 0.0002
2.7489 0.0980 0.0002
2.9452 0.1084 0.0002
3.1416 0.1122 0.0002
3.3379 0.1084 0.0002
3.5343 0.0980 0.0002
3.7306 0.0806 0.0002
3.9270 0.0607 0.0002
4.1233 0.0404 0.0002
4.3197 0.0218 0.0002
4.5160 0.0072 0.0002




1 < p_{T}^{trig} < 2 GeV/c, 220 <= N_trk^offline < 260, |deta|>2, PbPb
-1.1781 0.0134 0.0005
-0.9817 0.0432 0.0005
-0.7854 0.0812 0.0005
-0.5890 0.1253 0.0005
-0.3927 0.1686 0.0005
-0.1963 0.1990 0.0005
0.0000 0.2091 0.0005
0.1963 0.1990 0.0005
0.3927 0.1686 0.0005
0.5890 0.1253 0.0005
0.7854 0.0812 0.0005
0.9817 0.0432 0.0005
1.1781 0.0134 0.0005
1.3744 -0.0014 0.0005
1.5708 0.0000 0.0005
1.7671 0.0160 0.0005
1.9635 0.0452 0.0005
2.1598 0.0819 0.0005
2.3562 0.1208 0.0005
2.5525 0.1604 0.0005
2.7489 0.1923 0.0005
2.9452 0.2149 0.0005
3.1416 0.2253 0.0005
3.3379 0.2149 0.0005
3.5343 0.1923 0.0005
3.7306 0.1604 0.0005
3.9270 0.1208 0.0005
4.1233 0.0819 0.0005
4.3197 0.0452 0.0005
4.5160 0.0160 0.0005




2 < p_{T}^{trig} < 4 GeV/c, 220 <= N_trk^offline < 260, |deta|>2, PbPb
-1.1781 0.0130 0.0013
-0.9817 0.0462 0.0013
-0.7854 0.0943 0.0013
-0.5890 0.1492 0.0013
-0.3927 0.2059 0.0013
-0.1963 0.2428 0.0013
0.0000 0.2542 0.0014
0.1963 0.2428 0.0013
0.3927 0.2059 0.0013
0.5890 0.1492 0.0013
0.7854 0.0943 0.0013
0.9817 0.0462 0.0013
1.1781 0.0130 0.0013
1.3744 0.0011 0.0013
1.5708 0.0008 0.0013
1.7671 0.0231 0.0013
1.9635 0.0603 0.0013
2.1598 0.1034 0.0013
2.3562 0.1530 0.0013
2.5525 0.2051 0.0013
2.7489 0.2467 0.0013
2.9452 0.2763 0.0014
3.1416 0.2848 0.0014
3.3379 0.2763 0.0014
3.5343 0.2467 0.0013
3.7306 0.2051 0.0013
3.9270 0.1530 0.0013
4.1233 0.1034 0.0013
4.3197 0.0603 0.0013
4.5160 0.0231 0.0013




4 < p_{T}^{trig} < 6 GeV/c, 220 <= N_trk^offline < 260, |deta|>2, PbPb
-1.1781 0.0091 0.0055
-0.9817 0.0258 0.0055
-0.7854 0.0808 0.0056
-0.5890 0.1221 0.0057
-0.3927 0.1592 0.0057
-0.1963 0.1770 0.0057
0.0000 0.2040 0.0058
0.1963 0.1770 0.0057
0.3927 0.1592 0.0057
0.5890 0.1221 0.0057
0.7854 0.0808 0.0056
0.9817 0.0258 0.0055
1.1781 0.0091 0.0055
1.3744 -0.0016 0.0055
1.5708 0.0080 0.0055
1.7671 0.0323 0.0055
1.9635 0.0612 0.0056
2.1598 0.0984 0.0056
2.3562 0.1603 0.0057
2.5525 0.1977 0.0058
2.7489 0.2423 0.0058
2.9452 0.2705 0.0059
3.1416 0.2933 0.0059
3.3379 0.2705 0.0059
3.5343 0.2423 0.0058
3.7306 0.1977 0.0058
3.9270 0.1603 0.0057
4.1233 0.0984 0.0056
4.3197 0.0612 0.0056
4.5160 0.0323 0.0055




6 < p_{T}^{trig} < 12 GeV/c, 220 <= N_trk^offline < 260, |deta|>2, PbPb
-1.1781 -0.0101 0.0120
-0.9817 0.0073 0.0120
-0.7854 0.0362 0.0121
-0.5890 0.0451 0.0121
-0.3927 0.0612 0.0122
-0.1963 0.1078 0.0123
0.0000 0.1130 0.0124
0.1963 0.1078 0.0123
0.3927 0.0612 0.0122
0.5890 0.0451 0.0121
0.7854 0.0362 0.0121
0.9817 0.0073 0.0120
1.1781 -0.0101 0.0120
1.3744 0.0061 0.0120
1.5708 0.0168 0.0121
1.7671 0.0344 0.0121
1.9635 0.0591 0.0122
2.1598 0.1022 0.0123
2.3562 0.1529 0.0125
2.5525 0.1668 0.0125
2.7489 0.2512 0.0128
2.9452 0.2642 0.0128
3.1416 0.2727 0.0128
3.3379 0.2642 0.0128
3.5343 0.2512 0.0128
3.7306 0.1668 0.0125
3.9270 0.1529 0.0125
4.1233 0.1022 0.0123
4.3197 0.0591 0.0122
4.5160 0.0344 0.0121




0.3 < p_{T}^{trig} < 1 GeV/c, 0 <= N_trk^offline < 20, |deta|>2, PbPb
-1.1781 0.0014 0.0001
-0.9817 0.0009 0.0001
-0.7854 0.0006 0.0001
-0.5890 0.0001 0.0001
-0.3927 -0.0001 0.0001
-0.1963 0.0000 0.0001
0.0000 -0.0002 0.0001
0.1963 0.0000 0.0001
0.3927 -0.0001 0.0001
0.5890 0.0001 0.0001
0.7854 0.0006 0.0001
0.9817 0.0009 0.0001
1.1781 0.0014 0.0001
1.3744 0.0019 0.0001
1.5708 0.0026 0.0001
1.7671 0.0035 0.0001
1.9635 0.0043 0.0001
2.1598 0.0051 0.0001
2.3562 0.0061 0.0001
2.5525 0.0068 0.0001
2.7489 0.0071 0.0001
2.9452 0.0075 0.0001
3.1416 0.0076 0.0001
3.3379 0.0075 0.0001
3.5343 0.0071 0.0001
3.7306 0.0068 0.0001
3.9270 0.0061 0.0001
4.1233 0.0051 0.0001
4.3197 0.0043 0.0001
4.5160 0.0035 0.0001




1 < p_{T}^{trig} < 2 GeV/c, 0 <= N_trk^offline < 20, |deta|>2, PbPb
-1.1781 0.0023 0.0003
-0.9817 0.0009 0.0002
-0.7854 0.0005 0.0002
-0.5890 0.0001 0.0002
-0.3927 -0.0007 0.0002
-0.1963 0.0000 0.0002
0.0000 -0.0006 0.0002
0.1963 0.0000 0.0002
0.3927 -0.0007 0.0002
0.5890 0.0001 0.0002
0.7854 0.0005 0.0002
0.9817 0.0009 0.0002
1.1781 0.0023 0.0003
1.3744 0.0035 0.0003
1.5708 0.0050 0.0003
1.7671 0.0070 0.0003
1.9635 0.0083 0.0003
2.1598 0.0102 0.0003
2.3562 0.0124 0.0003
2.5525 0.0148 0.0003
2.7489 0.0165 0.0003
2.9452 0.0174 0.0003
3.1416 0.0178 0.0003
3.3379 0.0174 0.0003
3.5343 0.0165 0.0003
3.7306 0.0148 0.0003
3.9270 0.0124 0.0003
4.1233 0.0102 0.0003
4.3197 0.0083 0.0003
4.5160 0.0070 0.0003




2 < p_{T}^{trig} < 4 GeV/c, 0 <= N_trk^offline < 20, |deta|>2, PbPb
-1.1781 0.0019 0.0007
-0.9817 0.0008 0.0007
-0.7854 0.0002 0.0007
-0.5890 0.0000 0.0007
-0.3927 -0.0007 0.0007
-0.1963 -0.0015 0.0007
0.0000 -0.0003 0.0007
0.1963 -0.0015 0.0007
0.3927 -0.0007 0.0007
0.5890 0.0000 0.0007
0.7854 0.0002 0.0007
0.9817 0.0008 0.0007
1.1781 0.0019 0.0007
1.3744 0.0046 0.0008
1.5708 0.0065 0.0008
1.7671 0.0104 0.0008
1.9635 0.0109 0.0008
2.1598 0.0163 0.0008
2.3562 0.0215 0.0009
2.5525 0.0264 0.0009
2.7489 0.0299 0.0009
2.9452 0.0333 0.0009
3.1416 0.0328 0.0009
3.3379 0.0333 0.0009
3.5343 0.0299 0.0009
3.7306 0.0264 0.0009
3.9270 0.0215 0.0009
4.1233 0.0163 0.0008
4.3197 0.0109 0.0008
4.5160 0.0104 0.0008




4 < p_{T}^{trig} < 6 GeV/c, 0 <= N_trk^offline < 20, |deta|>2, PbPb
-1.1781 0.0042 0.0033
-0.9817 0.0019 0.0032
-0.7854 -0.0022 0.0031
-0.5890 0.0022 0.0033
-0.3927 -0.0013 0.0032
-0.1963 0.0090 0.0035
0.0000 -0.0028 0.0031
0.1963 0.0090 0.0035
0.3927 -0.0013 0.0032
0.5890 0.0022 0.0033
0.7854 -0.0022 0.0031
0.9817 0.0019 0.0032
1.1781 0.0042 0.0033
1.3744 0.0050 0.0033
1.5708 0.0054 0.0033
1.7671 0.0191 0.0038
1.9635 0.0125 0.0035
2.1598 0.0260 0.0039
2.3562 0.0311 0.0040
2.5525 0.0400 0.0042
2.7489 0.0581 0.0046
2.9452 0.0533 0.0045
3.1416 0.0768 0.0051
3.3379 0.0533 0.0045
3.5343 0.0581 0.0046
3.7306 0.0400 0.0042
3.9270 0.0311 0.0040
4.1233 0.0260 0.0039
4.3197 0.0125 0.0035
4.5160 0.0191 0.0038




6 < p_{T}^{trig} < 12 GeV/c, 0 <= N_trk^offline < 20, |deta|>2, PbPb
-1.1781 0.0035 0.0084
-0.9817 0.0140 0.0090
-0.7854 0.0049 0.0080
-0.5890 -0.0048 0.0073
-0.3927 0.0213 0.0098
-0.1963 -0.0053 0.0078
0.0000 0.0189 0.0094
0.1963 -0.0053 0.0078
0.3927 0.0213 0.0098
0.5890 -0.0048 0.0073
0.7854 0.0049 0.0080
0.9817 0.0140 0.0090
1.1781 0.0035 0.0084
1.3744 0.0188 0.0093
1.5708 -0.0066 0.0073
1.7671 0.0296 0.0100
1.9635 0.0350 0.0108
2.1598 0.0202 0.0095
2.3562 0.0359 0.0103
2.5525 0.0695 0.0123
2.7489 0.0633 0.0118
2.9452 0.0776 0.0130
3.1416 0.0944 0.0181
3.3379 0.0776 0.0130
3.5343 0.0633 0.0118
3.7306 0.0695 0.0123
3.9270 0.0359 0.0103
4.1233 0.0202 0.0095
4.3197 0.0350 0.0108
4.5160 0.0296 0.0100




0.3 < p_{T}^{trig} < 1 GeV/c, 220 <= N_trk^offline < 260, |deta|<1, PbPb
-1.1781 0.0144 0.0001
-0.9817 0.0361 0.0001
-0.7854 0.0656 0.0001
-0.5890 0.0979 0.0002
-0.3927 0.1269 0.0002
-0.1963 0.1478 0.0002
0.0000 0.1557 0.0002
0.1963 0.1478 0.0002
0.3927 0.1269 0.0002
0.5890 0.0979 0.0002
0.7854 0.0656 0.0001
0.9817 0.0361 0.0001
1.1781 0.0144 0.0001
1.3744 0.0019 0.0001
1.5708 -0.0006 0.0001
1.7671 0.0061 0.0001
1.9635 0.0199 0.0001
2.1598 0.0390 0.0001
2.3562 0.0609 0.0001
2.5525 0.0815 0.0002
2.7489 0.0989 0.0002
2.9452 0.1102 0.0002
3.1416 0.1143 0.0002
3.3379 0.1102 0.0002
3.5343 0.0989 0.0002
3.7306 0.0815 0.0002
3.9270 0.0609 0.0001
4.1233 0.0390 0.0001
4.3197 0.0199 0.0001
4.5160 0.0061 0.0001




1 < p_{T}^{trig} < 2 GeV/c, 220 <= N_trk^offline < 260, |deta|<1, PbPb
-1.1781 0.0209 0.0003
-0.9817 0.0588 0.0003
-0.7854 0.1149 0.0003
-0.5890 0.1858 0.0003
-0.3927 0.2592 0.0003
-0.1963 0.3183 0.0003
0.0000 0.3620 0.0003
0.1963 0.3183 0.0003
0.3927 0.2592 0.0003
0.5890 0.1858 0.0003
0.7854 0.1149 0.0003
0.9817 0.0588 0.0003
1.1781 0.0209 0.0003
1.3744 0.0018 0.0003
1.5708 0.0026 0.0003
1.7671 0.0193 0.0003
1.9635 0.0474 0.0003
2.1598 0.0865 0.0003
2.3562 0.1278 0.0003
2.5525 0.1694 0.0003
2.7489 0.2043 0.0003
2.9452 0.2265 0.0003
3.1416 0.2352 0.0003
3.3379 0.2265 0.0003
3.5343 0.2043 0.0003
3.7306 0.1694 0.0003
3.9270 0.1278 0.0003
4.1233 0.0865 0.0003
4.3197 0.0474 0.0003
4.5160 0.0193 0.0003




2 < p_{T}^{trig} < 4 GeV/c, 220 <= N_trk^offline < 260, |deta|<1, PbPb
-1.1781 0.0207 0.0008
-0.9817 0.0664 0.0008
-0.7854 0.1346 0.0008
-0.5890 0.2269 0.0008
-0.3927 0.3440 0.0008
-0.1963 0.4486 0.0009
0.0000 0.4973 0.0009
0.1963 0.4486 0.0009
0.3927 0.3440 0.0008
0.5890 0.2269 0.0008
0.7854 0.1346 0.0008
0.9817 0.0664 0.0008
1.1781 0.0207 0.0008
1.3744 0.0027 0.0008
1.5708 0.0072 0.0008
1.7671 0.0289 0.0008
1.9635 0.0682 0.0008
2.1598 0.1165 0.0008
2.3562 0.1677 0.0008
2.5525 0.2205 0.0008
2.7489 0.2645 0.0008
2.9452 0.2950 0.0008
3.1416 0.3071 0.0008
3.3379 0.2950 0.0008
3.5343 0.2645 0.0008
3.7306 0.2205 0.0008
3.9270 0.1677 0.0008
4.1233 0.1165 0.0008
4.3197 0.0682 0.0008
4.5160 0.0289 0.0008




4 < p_{T}^{trig} < 6 GeV/c, 220 <= N_trk^offline < 260, |deta|<1, PbPb
-1.1781 0.0192 0.0033
-0.9817 0.0479 0.0034
-0.7854 0.1191 0.0034
-0.5890 0.2167 0.0035
-0.3927 0.3397 0.0036
-0.1963 0.5204 0.0038
0.0000 0.6005 0.0038
0.1963 0.5204 0.0038
0.3927 0.3397 0.0036
0.5890 0.2167 0.0035
0.7854 0.1191 0.0034
0.9817 0.0479 0.0034
1.1781 0.0192 0.0033
1.3744 0.0086 0.0033
1.5708 0.0088 0.0033
1.7671 0.0368 0.0034
1.9635 0.0664 0.0034
2.1598 0.1191 0.0034
2.3562 0.1682 0.0035
2.5525 0.2254 0.0035
2.7489 0.2688 0.0036
2.9452 0.3075 0.0036
3.1416 0.3155 0.0036
3.3379 0.3075 0.0036
3.5343 0.2688 0.0036
3.7306 0.2254 0.0035
3.9270 0.1682 0.0035
4.1233 0.1191 0.0034
4.3197 0.0664 0.0034
4.5160 0.0368 0.0034




6 < p_{T}^{trig} < 12 GeV/c, 220 <= N_trk^offline < 260, |deta|<1, PbPb
-1.1781 0.0174 0.0074
-0.9817 0.0272 0.0074
-0.7854 0.0745 0.0075
-0.5890 0.1570 0.0076
-0.3927 0.2932 0.0079
-0.1963 0.5455 0.0083
0.0000 0.6736 0.0086
0.1963 0.5455 0.0083
0.3927 0.2932 0.0079
0.5890 0.1570 0.0076
0.7854 0.0745 0.0075
0.9817 0.0272 0.0074
1.1781 0.0174 0.0074
1.3744 -0.0015 0.0073
1.5708 0.0217 0.0074
1.7671 0.0282 0.0074
1.9635 0.0427 0.0074
2.1598 0.0986 0.0075
2.3562 0.1474 0.0076
2.5525 0.1970 0.0077
2.7489 0.2494 0.0078
2.9452 0.2839 0.0079
3.1416 0.3081 0.0079
3.3379 0.2839 0.0079
3.5343 0.2494 0.0078
3.7306 0.1970 0.0077
3.9270 0.1474 0.0076
4.1233 0.0986 0.0075
4.3197 0.0427 0.0074
4.5160 0.0282 0.0074




0.3 < p_{T}^{trig} < 1 GeV/c, 0 <= N_trk^offline < 20, |deta|<1, PbPb
-1.1781 0.0013 0.0001
-0.9817 0.0033 0.0001
-0.7854 0.0058 0.0001
-0.5890 0.0085 0.0001
-0.3927 0.0103 0.0001
-0.1963 0.0123 0.0001
0.0000 0.0132 0.0001
0.1963 0.0123 0.0001
0.3927 0.0103 0.0001
0.5890 0.0085 0.0001
0.7854 0.0058 0.0001
0.9817 0.0033 0.0001
1.1781 0.0013 0.0001
1.3744 0.0002 0.0001
1.5708 0.0000 0.0001
1.7671 0.0004 0.0001
1.9635 0.0008 0.0001
2.1598 0.0019 0.0001
2.3562 0.0029 0.0001
2.5525 0.0036 0.0001
2.7489 0.0044 0.0001
2.9452 0.0050 0.0001
3.1416 0.0052 0.0001
3.3379 0.0050 0.0001
3.5343 0.0044 0.0001
3.7306 0.0036 0.0001
3.9270 0.0029 0.0001
4.1233 0.0019 0.0001
4.3197 0.0008 0.0001
4.5160 0.0004 0.0001




1 < p_{T}^{trig} < 2 GeV/c, 0 <= N_trk^offline < 20, |deta|<1, PbPb
-1.1781 0.0015 0.0002
-0.9817 0.0050 0.0002
-0.7854 0.0109 0.0002
-0.5890 0.0214 0.0002
-0.3927 0.0366 0.0002
-0.1963 0.0491 0.0002
0.0000 0.0712 0.0003
0.1963 0.0491 0.0002
0.3927 0.0366 0.0002
0.5890 0.0214 0.0002
0.7854 0.0109 0.0002
0.9817 0.0050 0.0002
1.1781 0.0015 0.0002
1.3744 0.0010 0.0002
1.5708 0.0010 0.0002
1.7671 0.0036 0.0002
1.9635 0.0062 0.0002
2.1598 0.0086 0.0002
2.3562 0.0118 0.0002
2.5525 0.0145 0.0002
2.7489 0.0168 0.0002
2.9452 0.0201 0.0002
3.1416 0.0206 0.0002
3.3379 0.0201 0.0002
3.5343 0.0168 0.0002
3.7306 0.0145 0.0002
3.9270 0.0118 0.0002
4.1233 0.0086 0.0002
4.3197 0.0062 0.0002
4.5160 0.0036 0.0002




2 < p_{T}^{trig} < 4 GeV/c, 0 <= N_trk^offline < 20, |deta|<1, PbPb
-1.1781 0.0022 0.0005
-0.9817 0.0063 0.0005
-0.7854 0.0125 0.0006
-0.5890 0.0288 0.0006
-0.3927 0.0605 0.0007
-0.1963 0.0940 0.0008
0.0000 0.1155 0.0009
0.1963 0.0940 0.0008
0.3927 0.0605 0.0007
0.5890 0.0288 0.0006
0.7854 0.0125 0.0006
0.9817 0.0063 0.0005
1.1781 0.0022 0.0005
1.3744 0.0004 0.0005
1.5708 0.0030 0.0005
1.7671 0.0052 0.0005
1.9635 0.0103 0.0006
2.1598 0.0166 0.0006
2.3562 0.0219 0.0006
2.5525 0.0274 0.0006
2.7489 0.0334 0.0006
2.9452 0.0380 0.0006
3.1416 0.0412 0.0007
3.3379 0.0380 0.0006
3.5343 0.0334 0.0006
3.7306 0.0274 0.0006
3.9270 0.0219 0.0006
4.1233 0.0166 0.0006
4.3197 0.0103 0.0006
4.5160 0.0052 0.0005




4 < p_{T}^{trig} < 6 GeV/c, 0 <= N_trk^offline < 20, |deta|<1, PbPb
-1.1781 0.0015 0.0023
-0.9817 0.0088 0.0024
-0.7854 0.0117 0.0024
-0.5890 0.0344 0.0028
-0.3927 0.0846 0.0034
-0.1963 0.1663 0.0044
0.0000 0.2015 0.0048
0.1963 0.1663 0.0044
0.3927 0.0846 0.0034
0.5890 0.0344 0.0028
0.7854 0.0117 0.0024
0.9817 0.0088 0.0024
1.1781 0.0015 0.0023
1.3744 0.0005 0.0023
1.5708 0.0047 0.0023
1.7671 0.0062 0.0024
1.9635 0.0101 0.0024
2.1598 0.0258 0.0027
2.3562 0.0313 0.0027
2.5525 0.0515 0.0030
2.7489 0.0666 0.0032
2.9452 0.0797 0.0034
3.1416 0.0885 0.0035
3.3379 0.0797 0.0034
3.5343 0.0666 0.0032
3.7306 0.0515 0.0030
3.9270 0.0313 0.0027
4.1233 0.0258 0.0027
4.3197 0.0101 0.0024
4.5160 0.0062 0.0024




6 < p_{T}^{trig} < 12 GeV/c, 0 <= N_trk^offline < 20, |deta|<1, PbPb
-1.1781 -0.0071 0.0055
-0.9817 0.0368 0.0073
-0.7854 0.0417 0.0077
-0.5890 0.0439 0.0074
-0.3927 0.1505 0.0113
-0.1963 0.2289 0.0130
0.0000 0.3388 0.0197
0.1963 0.2289 0.0130
0.3927 0.1505 0.0113
0.5890 0.0439 0.0074
0.7854 0.0417 0.0077
0.9817 0.0368 0.0073
1.1781 -0.0071 0.0055
1.3744 0.0059 0.0062
1.5708 -0.0002 0.0059
1.7671 0.0042 0.0060
1.9635 0.0290 0.0067
2.1598 0.0333 0.0071
2.3562 0.0354 0.0070
2.5525 0.0587 0.0080
2.7489 0.1049 0.0096
2.9452 0.1214 0.0101
3.1416 0.1256 0.0105
3.3379 0.1214 0.0101
3.5343 0.1049 0.0096
3.7306 0.0587 0.0080
3.9270 0.0354 0.0070
4.1233 0.0333 0.0071
4.3197 0.0290 0.0067
4.5160 0.0042 0.0060


