@type xy
# Ti=    0.5000 aa=    0.5000 amden=    1.0000 Ani=    1.0000
# sqrts=  200.0000 GeV,  am=    0.1400
# yy | dF/dy =
   0.0000000000000000       0.15330292230204812     
  0.10000000000000001       0.15306329754042269     
  0.20000000000000001       0.15279781810605172     
  0.30000000000000004       0.15250361160636133     
  0.40000000000000002       0.15217746632259194     
  0.50000000000000000       0.15181578596044065     
  0.60000000000000009       0.15141453696931487     
  0.70000000000000007       0.15096918680429999     
  0.80000000000000004       0.15047463101959885     
  0.90000000000000002       0.14992510640279919     
   1.0000000000000000       0.14931408638403362     
   1.1000000000000001       0.14863415351146597     
   1.2000000000000002       0.14787684157183223     
   1.3000000000000000       0.14703243638457475     
   1.4000000000000001       0.14608971826465697     
   1.5000000000000000       0.14503561808230084     
   1.6000000000000001       0.14385473627242978     
   1.7000000000000002       0.14252862017779955     
   1.8000000000000000       0.14103452679265635     
   1.9000000000000001       0.13934243487026585     
   2.0000000000000000       0.13740859425066740     
   2.1000000000000001       0.13520023163058056     
   2.2000000000000002       0.13267348323039974     
   2.3000000000000003       0.12977703661558920     
   2.4000000000000004       0.12645940892878343     
   2.5000000000000000       0.12267156904862524     
   2.6000000000000001       0.11839549389170290     
   2.7000000000000002       0.11355614276348619     
   2.8000000000000003       0.10825580023841655     
   2.9000000000000004       0.10240997847389552     
   3.0000000000000000        9.6153775140117609E-002
   3.1000000000000001        8.9483247403868038E-002
   3.2000000000000002        8.2621779811413484E-002
   3.3000000000000003        7.5450104839121637E-002
   3.4000000000000004        6.8385983929842686E-002
   3.5000000000000000        6.1299811462960305E-002
   3.6000000000000001        5.4516317375127611E-002
   3.7000000000000002        4.8090988609294852E-002
   3.8000000000000003        4.1749268749914796E-002
   3.9000000000000004        3.5957951854098988E-002
   4.0000000000000000        3.0828283583490990E-002
   4.1000000000000005        2.6079361487415759E-002
   4.2000000000000002        2.1757015734371866E-002
   4.2999999999999998        1.7841306004967201E-002
   4.4000000000000004        1.4264888705916738E-002
   4.5000000000000000        1.1129860955049493E-002
   4.6000000000000005        9.1595010404422941E-003
   4.7000000000000002        6.7829335794873649E-003
   4.8000000000000007        4.8578610634439617E-003
   4.9000000000000004        3.6043485031337415E-003
   5.0000000000000000        2.0087059417573947E-003
   5.1000000000000005        1.4158780672891649E-003
   5.2000000000000002        5.0648434341307724E-004
   5.3000000000000007        5.9067395972609670E-005
&
