MIN=0	-1	-3	0	0	-2
MAX=60	1	3	1	1	2
SCALE=60	0.5	1	0.5	0.5	1
DEC=2	3	3	0	0	2
DEF="Time" t / s	"Current" I_A1 / A	"Voltage" U_B1 / V	"Relay" R_1	"Voltage source" S_1	"Magnetic Flux" &F / Vs
30.951	-0.035	0.0105	1	1	-0.0417915
31	-0.0305	0.078	1	1	-0.03962325
31.05	-0.0245	0.0945	1	1	-0.03531075
31.1	-0.019	0.105	1	1	-0.03032325
31.15	-0.013	0.1185	1	1	-0.02473575
31.2	-0.007	0.129	1	1	-0.01854825
31.25	-0.001	0.1365	1	1	-0.01191075
31.3	0.0045	0.15	1	1	-0.00474825
31.35	0.0105	0.159	1	1	0.00297675
31.4	0.0165	0.171	1	1	0.01122675
31.45	0.022	0.18	1	1	0.02000175
31.5	0.028	0.1875	1	1	0.02918925
31.55	0.0345	0.1845	1	1	0.03848925
31.6	0.0345	-0.069	1	1	0.04137675
31.65	0.0285	-0.0945	1	1	0.03728925
31.7	0.0225	-0.1065	1	1	0.03226425
31.75	0.017	-0.117	1	1	0.02667675
31.8	0.011	-0.126	1	1	0.02060175
31.849	0.005	-0.138	1	1	0.01413375
31.899	-0.0005	-0.147	1	1	0.00700875
31.95	-0.0065	-0.1575	1	1	-0.000756
31.999	-0.0125	-0.1695	1	1	-0.0087675
32.049	-0.0185	-0.18	1	1	-0.017505
32.099	-0.0245	-0.1905	1	1	-0.0267675
32.149	-0.0305	-0.1965	1	1	-0.0364425
32.2	-0.035	0.003	1	1	-0.04137675
32.249	-0.0305	0.078	1	1	-0.03939225
32.299	-0.025	0.0945	1	1	-0.03507975
32.349	-0.019	0.105	1	1	-0.03009225
32.399	-0.013	0.1155	1	1	-0.02457975
32.449	-0.007	0.126	1	1	-0.01854225
32.499	-0.001	0.1365	1	1	-0.01197975
32.549	0.0045	0.147	1	1	-0.00489225
32.599	0.0105	0.1575	1	1	0.00272025
32.649	0.0165	0.1695	1	1	0.01089525
32.699	0.022	0.18	1	1	0.01963275
32.75	0.028	0.186	1	1	0.02896575
32.799	0.0345	0.1845	1	1	0.038043
32.849	0.034	-0.069	1	1	0.0409305
32.899	0.0285	-0.0945	1	1	0.036843
32.949	0.0225	-0.108	1	1	0.0317805
32.999	0.017	-0.117	1	1	0.0261555
33.049	0.011	-0.1275	1	1	0.020043
33.099	0.005	-0.1365	1	1	0.013443
33.149	-0.0005	-0.147	1	1	0.0063555
33.199	-0.0065	-0.1575	1	1	-0.001257
33.249	-0.0125	-0.168	1	1	-0.0093945
33.299	-0.0185	-0.18	1	1	-0.0180945
33.349	-0.0245	-0.1905	1	1	-0.027357
33.399	-0.0305	-0.1965	1	1	-0.037032
33.449	-0.035	0.003	1	1	-0.0418695
33.499	-0.0305	0.0795	1	1	-0.039807
33.549	-0.025	0.0945	1	1	-0.035457
33.599	-0.019	0.1065	1	1	-0.030432
33.649	-0.013	0.1155	1	1	-0.024882
33.699	-0.007	0.126	1	1	-0.0188445
33.749	-0.001	0.1365	1	1	-0.012282
33.799	0.0045	0.147	1	1	-0.0051945
33.849	0.0105	0.159	1	1	0.0024555
33.899	0.0165	0.1695	1	1	0.010668
33.949	0.022	0.18	1	1	0.0194055
33.999	0.028	0.1875	1	1	0.028593
34.049	0.0345	0.1845	1	1	0.037893
34.099	0.034	-0.0675	1	1	0.040818
34.149	0.0285	-0.0945	1	1	0.036768
34.199	0.023	-0.1065	1	1	0.031743
34.249	0.017	-0.117	1	1	0.0261555
34.299	0.011	-0.1275	1	1	0.020043
34.349	0.005	-0.1365	1	1	0.013443
34.399	-0.0005	-0.147	1	1	0.0063555
34.449	-0.0065	-0.1575	1	1	-0.001257
34.499	-0.0125	-0.168	1	1	-0.0093945
34.549	-0.0185	-0.1785	1	1	-0.018057
34.599	-0.024	-0.1905	1	1	-0.027282
34.649	-0.0305	-0.1965	1	1	-0.036957
34.699	-0.035	0.0045	1	1	-0.041757
34.749	-0.0305	0.078	1	1	-0.0396945
34.799	-0.025	0.0945	1	1	-0.035382
34.849	-0.019	0.1065	1	1	-0.030357
34.899	-0.013	0.1155	1	1	-0.024807
34.949	-0.007	0.126	1	1	-0.0187695
34.999	-0.001	0.1365	1	1	-0.012207
35.049	0.0045	0.147	1	1	-0.0051195
35.099	0.0105	0.159	1	1	0.0025305
35.149	0.0165	0.1695	1	1	0.010743
35.199	0.022	0.18	1	1	0.0194805
35.249	0.028	0.1875	1	1	0.028668
35.299	0.034	0.183	1	1	0.0379305
35.349	0.034	-0.0675	1	1	0.040818
35.399	0.0285	-0.0945	1	1	0.036768
35.449	0.0225	-0.108	1	1	0.0317055
35.499	0.017	-0.117	1	1	0.0260805
35.549	0.0105	-0.1275	1	1	0.019968
35.599	0.005	-0.1365	1	1	0.013368
35.649	-0.0005	-0.147	1	1	0.0062805
35.699	-0.0065	-0.1575	1	1	-0.001332
35.749	-0.0125	-0.168	1	1	-0.0094695
35.799	-0.0185	-0.18	1	1	-0.0181695
35.849	-0.0245	-0.1905	1	1	-0.027432
35.899	-0.0305	-0.1965	1	1	-0.037107
35.949	-0.035	0.009	1	1	-0.0417945
35.999	-0.0305	0.078	1	1	-0.0396195
36.049	-0.0245	0.0945	1	1	-0.035307
36.099	-0.019	0.105	1	1	-0.0303195
36.149	-0.013	0.117	1	1	-0.0247695
36.199	-0.007	0.126	1	1	-0.0186945
36.249	-0.001	0.1365	1	1	-0.012132
36.299	0.0045	0.147	1	1	-0.0050445
36.349	0.0105	0.1575	1	1	0.002568
36.399	0.0165	0.1695	1	1	0.010743
36.449	0.022	0.18	1	1	0.0194805
36.499	0.028	0.186	1	1	0.0286305
36.549	0.0345	0.183	1	1	0.0378555
36.599	0.034	-0.069	1	1	0.0407055
36.649	0.0285	-0.0945	1	1	0.036618
36.699	0.023	-0.108	1	1	0.0315555
36.749	0.017	-0.1185	1	1	0.025893
36.799	0.011	-0.1275	1	1	0.019743
36.849	0.005	-0.138	1	1	0.0131055
36.899	-0.0005	-0.147	1	1	0.0059805
36.949	-0.0065	-0.159	1	1	-0.0016695
36.999	-0.0125	-0.168	1	1	-0.0098445
37.049	-0.0185	-0.18	1	1	-0.0185445
37.099	-0.0245	-0.1905	1	1	-0.027807
37.149	-0.0305	-0.1965	1	1	-0.037482
37.199	-0.035	0.003	1	1	-0.0423195
37.249	-0.0305	0.078	1	1	-0.0402945
37.299	-0.0245	0.0945	1	1	-0.035982
37.349	-0.019	0.105	1	1	-0.0309945
37.399	-0.013	0.1155	1	1	-0.025482
37.449	-0.007	0.1275	1	1	-0.019407
37.499	-0.001	0.1365	1	1	-0.012807
37.549	0.0045	0.147	1	1	-0.0057195
37.599	0.0105	0.159	1	1	0.0019305
37.649	0.016	0.1695	1	1	0.010143
37.699	0.0225	0.1815	1	1	0.018918
37.749	0.028	0.1875	1	1	0.028143
37.799	0.0345	0.183	1	1	0.0374055
37.85	0.034	-0.069	1	1	0.0403125
37.899	0.0285	-0.0945	1	1	0.03630675
37.949	0.0225	-0.108	1	1	0.03124425
37.999	0.017	-0.1185	1	1	0.02558175
38.049	0.011	-0.1275	1	1	0.01943175
38.1	0.0045	-0.1365	1	1	0.01269975
38.15	-0.0005	-0.147	1	1	0.00561225
38.2	-0.0065	-0.1575	1	1	-0.00200025
38.25	-0.0125	-0.168	1	1	-0.01013775
38.3	-0.0185	-0.1785	1	1	-0.01880025
38.35	-0.0245	-0.1905	1	1	-0.02802525
38.4	-0.0305	-0.1965	1	1	-0.03770025
38.45	-0.035	0.0135	1	1	-0.04227525
38.5	-0.0305	0.078	1	1	-0.03998775
38.55	-0.0245	0.0945	1	1	-0.03567525
38.6	-0.0185	0.1065	1	1	-0.03065025
38.65	-0.013	0.1155	1	1	-0.02510025
38.7	-0.007	0.1275	1	1	-0.01902525
38.75	-0.001	0.138	1	1	-0.01238775
38.8	0.0045	0.147	1	1	-0.00526275
38.85	0.0105	0.159	1	1	0.00238725
38.9	0.0165	0.1695	1	1	0.01059975
38.95	0.0225	0.1815	1	1	0.01937475
39	0.0285	0.186	1	1	0.02856225
39.05	0.0345	0.1815	1	1	0.03774975
39.1	0.034	-0.069	1	1	0.04056225
39.15	0.0285	-0.0945	1	1	0.03647475
39.2	0.0225	-0.108	1	1	0.03141225
39.25	0.0165	-0.1185	1	1	0.02574975
39.3	0.0105	-0.1275	1	1	0.01959975
39.35	0.005	-0.138	1	1	0.01296225
39.4	-0.0005	-0.147	1	1	0.00583725
39.45	-0.007	-0.159	1	1	-0.00181275
39.5	-0.0125	-0.1695	1	1	-0.01002525
39.55	-0.0185	-0.18	1	1	-0.01876275
39.6	-0.0245	-0.1905	1	1	-0.02802525
39.65	-0.0305	-0.1935	1	1	-0.03762525
39.7	-0.035	0.009	1	1	-0.04223775
39.75	-0.0305	0.0795	1	1	-0.04002525
39.8	-0.0245	0.0945	1	1	-0.03567525
39.85	-0.019	0.105	1	1	-0.03068775
39.9	-0.013	0.1155	1	1	-0.02517525
39.95	-0.007	0.126	1	1	-0.01913775
40	-0.001	0.1365	1	1	-0.01257525
40.05	0.0045	0.147	1	1	-0.00548775
40.1	0.0105	0.1575	1	1	0.00212475
40.15	0.0165	0.1695	1	1	0.01029975
40.2	0.0225	0.18	1	1	0.01903725
40.25	0.0285	0.186	1	1	0.02818725
40.3	0.0345	0.183	1	1	0.03741225
40.35	0.034	-0.0705	1	1	0.04022475
40.4	0.0285	-0.0945	1	1	0.03609975
40.45	0.0225	-0.108	1	1	0.03103725
40.5	0.0165	-0.117	1	1	0.02541225
40.55	0.0105	-0.1275	1	1	0.01929975
40.6	0.0045	-0.138	1	1	0.01266225
40.65	-0.0005	-0.147	1	1	0.00553725
40.7	-0.007	-0.1575	1	1	-0.00207525
40.75	-0.0125	-0.168	1	1	-0.01021275
40.8	-0.0185	-0.18	1	1	-0.01891275
40.85	-0.0245	-0.1905	1	1	-0.02817525
40.9	-0.0305	-0.1965	1	1	-0.03785025
40.95	-0.035	0.009	1	1	-0.04253775
41	-0.0305	0.078	1	1	-0.04036275
41.05	-0.025	0.0945	1	1	-0.03605025
41.1	-0.019	0.1065	1	1	-0.03102525
41.15	-0.013	0.1185	1	1	-0.02540025
41.2	-0.007	0.1275	1	1	-0.01925025
41.25	-0.001	0.138	1	1	-0.01261275
41.3	0.0045	0.1485	1	1	-0.00545025
41.35	0.0105	0.159	1	1	0.00223725
41.4	0.0165	0.1695	1	1	0.01044975
41.45	0.0225	0.18	1	1	0.01918725
41.5	0.0285	0.1875	1	1	0.02837475
41.55	0.0345	0.183	1	1	0.03763725
41.6	0.034	-0.0705	1	1	0.04044975
41.65	0.0285	-0.0945	1	1	0.03632475
41.7	0.0225	-0.108	1	1	0.03126225
41.75	0.017	-0.117	1	1	0.02563725
41.8	0.011	-0.1275	1	1	0.01952475
41.85	0.005	-0.138	1	1	0.01288725
41.9	-0.0005	-0.147	1	1	0.00576225
41.95	-0.0065	-0.1575	1	1	-0.00185025
42	-0.0125	-0.1695	1	1	-0.01002525
42.05	-0.0185	-0.18	1	1	-0.01876275
42.1	-0.0245	-0.1905	1	1	-0.02802525
42.15	-0.0305	-0.195	1	1	-0.03766275
42.2	-0.035	0.009	1	1	-0.04231275
42.25	-0.0305	0.078	1	1	-0.04013775
42.3	-0.0245	0.0945	1	1	-0.03582525
42.35	-0.019	0.105	1	1	-0.03083775
42.4	-0.013	0.1155	1	1	-0.02532525
42.45	-0.007	0.1275	1	1	-0.01925025
42.5	-0.001	0.1365	1	1	-0.01265025
42.55	0.0045	0.1485	1	1	-0.00552525
42.6	0.0105	0.159	1	1	0.00216225
42.65	0.0165	0.1695	1	1	0.01037475
42.7	0.0225	0.18	1	1	0.01911225
42.75	0.0285	0.186	1	1	0.02826225
42.8	0.0345	0.183	1	1	0.03748725
42.85	0.034	-0.069	1	1	0.04033725
42.9	0.0285	-0.096	1	1	0.03621225
42.95	0.0225	-0.108	1	1	0.03111225
43	0.0165	-0.117	1	1	0.02548725
43.05	0.0105	-0.1275	1	1	0.01937475
43.1	0.005	-0.138	1	1	0.01273725
43.15	-0.001	-0.1485	1	1	0.00557475
43.2	-0.0065	-0.159	1	1	-0.00211275
43.25	-0.0125	-0.168	1	1	-0.01028775
43.3	-0.0185	-0.18	1	1	-0.01898775
43.35	-0.0245	-0.1905	1	1	-0.02825025
43.4	-0.0305	-0.1965	1	1	-0.03792525
43.45	-0.035	0.009	1	1	-0.04261275
43.5	-0.0305	0.078	1	1	-0.04043775
43.55	-0.0245	0.0945	1	1	-0.03612525
43.6	-0.019	0.1065	1	1	-0.03110025
43.65	-0.013	0.117	1	1	-0.02551275
43.7	-0.007	0.1275	1	1	-0.01940025
43.75	-0.001	0.1365	1	1	-0.01280025
43.8	0.0045	0.147	1	1	-0.00571275
43.85	0.0105	0.159	1	1	0.00193725
43.9	0.0165	0.1695	1	1	0.01014975
43.95	0.0225	0.18	1	1	0.01888725
44	0.028	0.1875	1	1	0.02807475
44.05	0.0345	0.183	1	1	0.03733725
44.1	0.034	-0.069	1	1	0.04018725
44.15	0.0285	-0.0945	1	1	0.03609975
44.2	0.0225	-0.1065	1	1	0.03107475
44.25	0.0165	-0.117	1	1	0.02548725
44.3	0.0105	-0.1275	1	1	0.01937475
44.35	0.005	-0.138	1	1	0.01273725
44.4	-0.001	-0.1485	1	1	0.00557475
44.45	-0.007	-0.159	1	1	-0.00211275
44.5	-0.0125	-0.1695	1	1	-0.01032525
44.55	-0.0185	-0.18	1	1	-0.01906275
44.6	-0.0245	-0.1905	1	1	-0.02832525
44.65	-0.0305	-0.1965	1	1	-0.03800025
44.7	-0.035	0.009	1	1	-0.04268775
44.75	-0.0305	0.078	1	1	-0.04051275
44.8	-0.0245	0.0945	1	1	-0.03620025
44.85	-0.019	0.1065	1	1	-0.03117525
44.899	-0.013	0.117	1	1	-0.0256995
44.95	-0.0065	0.1275	1	1	-0.01946475
45	-0.001	0.1365	1	1	-0.01286475
45.05	0.0045	0.147	1	1	-0.00577725
45.1	0.0105	0.159	1	1	0.00187275
45.15	0.0165	0.1695	1	1	0.01008525
45.199	0.0225	0.18	1	1	0.018648
45.25	0.0285	0.186	1	1	0.027981
45.3	0.0345	0.1815	1	1	0.0371685
45.35	0.034	-0.0705	1	1	0.0399435
45.399	0.0285	-0.0945	1	1	0.035901
45.45	0.0225	-0.108	1	1	0.03073725
45.5	0.0165	-0.117	1	1	0.02511225
45.549	0.011	-0.1275	1	1	0.019122
45.6	0.0045	-0.138	1	1	0.01235175
45.65	-0.001	-0.1485	1	1	0.00518925
45.699	-0.0065	-0.1575	1	1	-0.00230775
45.75	-0.0125	-0.168	1	1	-0.010608
45.799	-0.0185	-0.18	1	1	-0.019134
45.85	-0.0245	-0.1905	1	1	-0.02858175
45.9	-0.0305	-0.1965	1	1	-0.03825675
45.949	-0.035	0.009	1	1	-0.0428505
45.999	-0.0305	0.078	1	1	-0.0406755
46.05	-0.0245	0.0945	1	1	-0.03627675
46.099	-0.019	0.105	1	1	-0.031389
46.15	-0.0125	0.1155	1	1	-0.02576625
46.199	-0.007	0.1275	1	1	-0.01981275
46.249	-0.001	0.1365	1	1	-0.01321275
46.299	0.0045	0.1485	1	1	-0.00608775
46.349	0.0105	0.159	1	1	0.00159975
46.399	0.0165	0.1695	1	1	0.00981225
46.449	0.0225	0.18	1	1	0.01854975
46.499	0.0285	0.1875	1	1	0.02773725
46.549	0.0345	0.183	1	1	0.03699975
46.599	0.034	-0.069	1	1	0.03984975
46.649	0.0285	-0.0945	1	1	0.03576225
46.699	0.0225	-0.108	1	1	0.03069975
46.749	0.0165	-0.117	1	1	0.02507475
46.799	0.011	-0.1275	1	1	0.01896225
46.849	0.005	-0.138	1	1	0.01232475
46.899	-0.0005	-0.1485	1	1	0.00516225
46.949	-0.0065	-0.159	1	1	-0.00252525
46.999	-0.0125	-0.168	1	1	-0.01070025
47.049	-0.0185	-0.18	1	1	-0.01940025
47.099	-0.0245	-0.1905	1	1	-0.02866275
47.149	-0.0305	-0.195	1	1	-0.03830025
47.199	-0.035	0.009	1	1	-0.04295025
47.249	-0.0305	0.078	1	1	-0.04077525
47.299	-0.0245	0.0945	1	1	-0.03646275
47.349	-0.019	0.1065	1	1	-0.03143775
47.399	-0.013	0.1155	1	1	-0.02588775
47.449	-0.007	0.126	1	1	-0.01985025
47.499	-0.001	0.1365	1	1	-0.01328775
47.549	0.0045	0.1485	1	1	-0.00616275
47.599	0.0105	0.159	1	1	0.00152475
47.649	0.0165	0.1695	1	1	0.00973725
47.699	0.0225	0.18	1	1	0.01847475
